query	Q27749	P02287	P02290	P04735	P06145	P06146	P07794	P13281	P16887	P16888	P02257	P06144	P07796	P15869	P15870	P19375	Q99284	A0A2G8JXS7	A0A2Z5U3Q6	A0A7M7NK35	A0A8B7Y813	A0A8B7Y9T9	A0A9Q1BUN4	P19376	Q99282	O13777	O13881	P02293	P04909	P04911	P04913	P34225	P36008	P38340	P53250	P53322	P53551	P53729	P0CN98	P48989	Q6CK60	Q6FWM7	Q6FWM8	Q74ZL4	Q74ZL5	Q6FJX6	Q75C22	Q8J0U2	Q9P8F8	Q9UV33	D2Y1X6	G5EDE1	P92507	Q18336	Q24255	Q2XQ09	A0A0P0E482	C0HJQ7	C0JAT9	P08515	P35068	Q05831	D2Y2C6	D2Y2Q6	P06894	P22975	P35060	P40265	Q86QH9	Q86QI0	Q86SE1	B3EWU8	D2Y2F4	P27204	S0F209	D4A3K5	P04908	P06349	P10412	P15865	P16402	P16403	P22492	P80294	Q07133	Q0V7M1	Q3HNG7	Q64478	Q75WM6	Q8CGP6	Q8CJI4	Q8IZA3	Q8N1T3	Q8VIK3	Q91YA2	Q92522	Q93079	Q9ULR3	P06348	P40286
Q27749	0.0	0.21151586368977673	0.30317273795534666	0.0	0.2291421856639248	0.2209165687426557	0.21269095182138661	0.061574618096357225	0.21974148061104584	0.199764982373678	0.023031727379553467	0.0	0.0	0.0	0.0	0.0	0.0	0.0	0.0	0.0	0.0	0.0	0.0	0.0	0.0	0.0	0.0	0.19153936545240893	0.02491186839012926	0.02491186839012926	0.19153936545240893	0.0	0.0	0.0	0.0	0.0	0.020799059929494712	0.0	0.0	0.19506462984723855	0.1891891891891892	0.02538190364277321	0.19506462984723855	0.025734430082256166	0.1927144535840188	0.0	0.0	0.0	0.0	0.0	0.0	0.0	0.0	0.0	0.0	0.0	0.0	0.0	0.0	0.0	0.20799059929494712	0.0	0.0	0.0	0.0	0.0	0.0	0.0	0.0	0.0	0.0	0.0	0.0	0.0	0.0	0.0	0.02256169212690952	0.0	0.0	0.0	0.0	0.0	0.0	0.0	0.0	0.0	0.021269095182138664	0.20681551116333724	0.0	0.02256169212690952	0.0	0.0	0.0	0.0	0.0	0.0	0.20681551116333724	0.022209165687426556	0.0	0.0
P02287	0.21151586368977673	0.0	0.20211515863689777	0.030317273795534665	0.20329024676850763	0.19858989424206816	0.2209165687426557	0.0	0.2009400705052879	0.21269095182138661	0.0	0.0	0.0	0.0	0.0	0.0	0.0	0.0	0.0	0.0	0.0	0.0	0.0	0.0	0.0	0.0	0.0	0.19741480611045828	0.02890716803760282	0.02808460634547591	0.19623971797884843	0.0	0.0	0.0	0.0	0.0	0.020799059929494712	0.0	0.03125734430082256	0.2009400705052879	0.1927144535840188	0.02937720329024677	0.19623971797884843	0.02855464159811986	0.19506462984723855	0.0	0.0	0.0	0.0	0.0	0.0	0.0	0.0	0.0	0.0	0.0	0.0	0.0	0.0	0.0	0.21621621621621623	0.021269095182138664	0.0	0.0	0.02256169212690952	0.0	0.0	0.0	0.021739130434782608	0.0	0.0	0.0	0.0	0.0	0.0	0.0	0.02890716803760282	0.0	0.0	0.0	0.0	0.0	0.0	0.0	0.0	0.0	0.020799059929494712	0.2244418331374853	0.0	0.02890716803760282	0.0	0.0	0.0	0.0	0.0	0.0	0.2256169212690952	0.0	0.0	0.0
P02290	0.30317273795534666	0.20211515863689777	0.0	0.026674500587544066	0.23266745005875442	0.2244418331374853	0.21386603995299647	0.04982373678025852	0.22209165687426558	0.20329024676850763	0.023501762632197415	0.0	0.0	0.0	0.0	0.0	0.020329024676850764	0.0	0.0	0.0	0.0	0.0	0.0	0.0	0.0	0.0	0.0	0.19036427732079905	0.027144535840188017	0.027144535840188017	0.19153936545240893	0.020799059929494712	0.0	0.0	0.0	0.0	0.022209165687426556	0.0	0.02937720329024677	0.19153936545240893	0.18801410105757932	0.02855464159811986	0.19388954171562867	0.027144535840188017	0.19153936545240893	0.0	0.0	0.0	0.0	0.0	0.0	0.0	0.0	0.0	0.0	0.0	0.0	0.0	0.0	0.0	0.209165687426557	0.0	0.0	0.0	0.0	0.0	0.0	0.0	0.0	0.0	0.0	0.0	0.0	0.0	0.0	0.0	0.02491186839012926	0.0	0.0	0.0	0.0	0.0	0.0	0.0	0.0	0.0	0.0	0.209165687426557	0.0	0.02491186839012926	0.0	0.0	0.0	0.0	0.0	0.0	0.209165687426557	0.021269095182138664	0.0	0.0
P04735	0.0	0.030317273795534665	0.026674500587544066	0.0	0.02491186839012926	0.0	0.02937720329024677	0.0	0.0	0.0	0.0	0.0	0.02491186839012926	0.0	0.0	0.0	0.0	0.0	0.0	0.0	0.020799059929494712	0.020799059929494712	0.0	0.0	0.0	0.021269095182138664	0.0	0.02808460634547591	0.21974148061104584	0.21974148061104584	0.02808460634547591	0.0	0.0	0.0	0.0	0.0	0.0	0.0	0.21504112808460635	0.02808460634547591	0.02808460634547591	0.21856639247943596	0.02855464159811986	0.2291421856639248	0.02890716803760282	0.0	0.0	0.0	0.02491186839012926	0.0	0.0	0.0	0.0	0.0	0.0	0.0	0.0	0.0	0.0	0.0	0.029847238542890717	0.0	0.0	0.0	0.0	0.0	0.0	0.0	0.0	0.0	0.0	0.0	0.0	0.0	0.0	0.0	0.2491186839012926	0.0	0.0	0.0	0.0	0.0	0.0	0.0	0.0	0.0	0.0	0.029847238542890717	0.0	0.2491186839012926	0.0	0.0	0.0	0.020329024676850764	0.0	0.0	0.029847238542890717	0.0	0.0	0.0
P06145	0.2291421856639248	0.20329024676850763	0.23266745005875442	0.02491186839012926	0.0	0.22209165687426558	0.21739130434782608	0.05205640423031727	0.22209165687426558	0.20329024676850763	0.021269095182138664	0.0	0.0	0.0	0.0	0.0	0.0	0.0	0.0	0.0	0.0	0.0	0.0	0.0	0.0	0.0	0.0	0.1927144535840188	0.026204465334900118	0.026204465334900118	0.18801410105757932	0.0	0.0	0.0	0.0	0.0	0.0	0.0	0.0	0.1927144535840188	0.19036427732079905	0.027614571092831962	0.19388954171562867	0.026204465334900118	0.1927144535840188	0.0	0.0	0.0	0.0	0.0	0.0	0.0	0.0	0.0	0.0	0.0	0.0	0.0	0.0	0.0	0.209165687426557	0.0	0.0	0.0	0.0	0.0	0.0	0.0	0.0	0.0	0.0	0.0	0.0	0.0	0.0	0.0	0.023971797884841363	0.0	0.0	0.0	0.0	0.0	0.0	0.0	0.0	0.0	0.0	0.21269095182138661	0.0	0.023971797884841363	0.0	0.0	0.0	0.0	0.0	0.0	0.21269095182138661	0.0	0.0	0.0
P06146	0.2209165687426557	0.19858989424206816	0.2244418331374853	0.0	0.22209165687426558	0.0	0.20799059929494712	0.03301997649823737	0.27144535840188017	0.19388954171562867	0.02808460634547591	0.0	0.0	0.0	0.021269095182138664	0.0	0.02937720329024677	0.0	0.0	0.0	0.0	0.0	0.0	0.0	0.0	0.0	0.0	0.1891891891891892	0.0	0.02538190364277321	0.18566392479435959	0.0	0.0	0.0	0.0	0.0	0.020799059929494712	0.0	0.026674500587544066	0.1891891891891892	0.18801410105757932	0.02538190364277321	0.1891891891891892	0.025734430082256166	0.19036427732079905	0.0	0.0	0.0	0.0	0.0	0.0	0.0	0.0	0.0	0.0	0.0	0.0	0.0	0.0	0.0	0.20329024676850763	0.0	0.0	0.0	0.0	0.0	0.0	0.0	0.0	0.0	0.0	0.0	0.0	0.0	0.0	0.0	0.026204465334900118	0.0	0.022209165687426556	0.021269095182138664	0.0	0.0	0.0	0.0	0.0	0.0	0.0	0.21269095182138661	0.0	0.026204465334900118	0.0	0.0	0.0	0.0	0.0	0.0	0.21269095182138661	0.0	0.0	0.0
P07794	0.21269095182138661	0.2209165687426557	0.21386603995299647	0.02937720329024677	0.21739130434782608	0.20799059929494712	0.0	0.0	0.2044653349001175	0.21621621621621623	0.0	0.0	0.0	0.0	0.0	0.0	0.0	0.0	0.0	0.0	0.0	0.0	0.0	0.0	0.0	0.0	0.0	0.19623971797884843	0.02855464159811986	0.02808460634547591	0.19623971797884843	0.0	0.0	0.0	0.0	0.0	0.0	0.0	0.030787309048178613	0.19858989424206816	0.19741480611045828	0.02937720329024677	0.2009400705052879	0.03207990599294947	0.20211515863689777	0.020799059929494712	0.0	0.0	0.0	0.0	0.0	0.0	0.0	0.0	0.0	0.0	0.0	0.0	0.0	0.0	0.21974148061104584	0.0	0.0	0.0	0.0	0.0	0.0	0.0	0.0	0.0	0.0	0.0	0.0	0.0	0.0	0.0	0.02855464159811986	0.0	0.0	0.0	0.0	0.0	0.0	0.0	0.0	0.0	0.020329024676850764	0.2209165687426557	0.0	0.02855464159811986	0.0	0.0	0.0	0.0	0.0	0.0	0.2209165687426557	0.0	0.0	0.0
P13281	0.061574618096357225	0.0	0.04982373678025852	0.0	0.05205640423031727	0.03301997649823737	0.0	0.0	0.02937720329024677	0.0	0.0	0.0	0.0	0.0	0.0	0.0	0.0	0.0	0.0	0.0	0.0	0.0	0.0	0.0	0.0	0.0	0.0	0.0	0.0	0.0	0.0	0.0	0.0	0.0	0.0	0.0	0.0	0.0	0.0	0.0	0.0	0.0	0.0	0.0	0.0	0.0	0.0	0.0	0.0	0.0	0.0	0.0	0.0	0.0	0.0	0.0	0.0	0.0	0.0	0.0	0.0	0.0	0.0	0.0	0.0	0.0	0.0	0.0	0.0	0.0	0.0	0.0	0.0	0.0	0.0	0.0	0.0	0.0	0.0	0.019036427732079905	0.0	0.0	0.0	0.0	0.0	0.0	0.0	0.0	0.0	0.0	0.0	0.0	0.0	0.0	0.0	0.0	0.0	0.019388954171562868	0.0	0.0
P16887	0.21974148061104584	0.2009400705052879	0.22209165687426558	0.0	0.22209165687426558	0.27144535840188017	0.2044653349001175	0.02937720329024677	0.0	0.19506462984723855	0.023031727379553467	0.0	0.0	0.0	0.0	0.0	0.02538190364277321	0.0	0.0	0.0	0.0	0.0	0.0	0.0	0.0	0.0	0.0	0.1844888366627497	0.02538190364277321	0.02444183313748531	0.1809635722679201	0.021269095182138664	0.0	0.0	0.0	0.0	0.0	0.0	0.0	0.18683901292596944	0.18331374853113983	0.025734430082256166	0.1844888366627497	0.026204465334900118	0.18566392479435959	0.0	0.0	0.0	0.0	0.0	0.0	0.0	0.0	0.0	0.0	0.0	0.0	0.0	0.0	0.0	0.20681551116333724	0.0	0.0	0.0	0.0	0.0	0.022209165687426556	0.0	0.0	0.0	0.0	0.0	0.0	0.0	0.0	0.0	0.025734430082256166	0.0	0.0	0.0	0.0	0.0	0.0	0.0	0.0	0.021739130434782608	0.0	0.209165687426557	0.0	0.02538190364277321	0.0	0.0	0.0	0.0	0.0	0.0	0.20799059929494712	0.0	0.0	0.0
P16888	0.199764982373678	0.21269095182138661	0.20329024676850763	0.0	0.20329024676850763	0.19388954171562867	0.21621621621621623	0.0	0.19506462984723855	0.0	0.0	0.0	0.0	0.0	0.0	0.0	0.0	0.0	0.0	0.0	0.0	0.0	0.0	0.0	0.0	0.0	0.0	0.20329024676850763	0.02808460634547591	0.0	0.2009400705052879	0.0	0.0	0.0	0.0	0.0	0.020799059929494712	0.0	0.0	0.20329024676850763	0.199764982373678	0.0	0.2056404230317274	0.0	0.20329024676850763	0.0	0.020799059929494712	0.0	0.0	0.0	0.0	0.0	0.0	0.0	0.0	0.0	0.021269095182138664	0.0	0.0	0.0	0.22209165687426558	0.0	0.0	0.0	0.0	0.0	0.0	0.0	0.020329024676850764	0.0	0.0	0.0	0.0	0.0	0.0	0.0	0.025734430082256166	0.0	0.0	0.0	0.0	0.0	0.0	0.0	0.0	0.02444183313748531	0.023501762632197415	0.23384253819036427	0.0	0.025734430082256166	0.0	0.0	0.0	0.0	0.02444183313748531	0.0	0.23384253819036427	0.0	0.0	0.0
P02257	0.023031727379553467	0.0	0.023501762632197415	0.0	0.021269095182138664	0.02808460634547591	0.0	0.0	0.023031727379553467	0.0	0.0	0.090951821386604	0.09283196239717979	0.07779083431257344	0.07238542890716804	0.07779083431257344	0.1410105757931845	0.023501762632197415	0.07508813160987074	0.02491186839012926	0.030317273795534665	0.029847238542890717	0.026204465334900118	0.020799059929494712	0.04841363102232668	0.0	0.0	0.0	0.0	0.0	0.0	0.0	0.0	0.0	0.0	0.0	0.03572267920094007	0.0	0.0	0.0	0.0	0.0	0.0	0.0	0.0	0.033490011750881316	0.03619271445358402	0.04935370152761457	0.04524089306698002	0.044770857814336075	0.0	0.0	0.023031727379553467	0.07873090481786134	0.026204465334900118	0.0	0.0	0.0	0.0	0.0	0.0	0.06204465334900117	0.0	0.0	0.08331374853113985	0.047943595769682726	0.0746180963572268	0.08507638072855465	0.06110458284371328	0.05652173913043478	0.0	0.0	0.0	0.0	0.0	0.04747356051703878	0.0	0.04253819036427733	0.06204465334900117	0.06380728554641597	0.05969447708578143	0.06016451233842539	0.04747356051703878	0.0	0.043948296122209164	0.0	0.06286721504112809	0.0	0.02444183313748531	0.0	0.02890716803760282	0.061574618096357225	0.0	0.04935370152761457	0.0	0.04300822561692127	0.0	0.0	0.04618096357226792	0.04935370152761457
P06144	0.0	0.0	0.0	0.0	0.0	0.0	0.0	0.0	0.0	0.0	0.090951821386604	0.0	0.18801410105757932	0.16686251468860164	0.08507638072855465	0.12690951821386603	0.09412455934195064	0.0	0.12808460634547592	0.0	0.0	0.0	0.022209165687426556	0.0	0.09283196239717979	0.0	0.0	0.026674500587544066	0.0	0.0	0.0	0.0	0.0	0.023031727379553467	0.0	0.0	0.05381903642773208	0.0	0.0	0.027144535840188017	0.02538190364277321	0.0	0.026204465334900118	0.0	0.02538190364277321	0.03889541715628672	0.06063454759106933	0.05969447708578143	0.07967097532314923	0.07826086956521738	0.0	0.0	0.0	0.07285546415981199	0.022209165687426556	0.022209165687426556	0.021269095182138664	0.0	0.0	0.0	0.0	0.07332549941245593	0.0	0.0	0.0945945945945946	0.040305522914218565	0.12690951821386603	0.1245593419506463	0.07062279670975323	0.07015276145710929	0.0	0.0	0.0	0.026204465334900118	0.0	0.06603995299647474	0.0	0.05334900117508813	0.06698002350176263	0.06921269095182138	0.06792009400705053	0.06698002350176263	0.055229142185663924	0.0	0.05616921269095182	0.0	0.07379553466509987	0.0	0.033960047003525264	0.0	0.034782608695652174	0.07109283196239718	0.0	0.062397179788484136	0.0	0.06521739130434782	0.0	0.0	0.05840188014101058	0.05969447708578143
P07796	0.0	0.0	0.0	0.02491186839012926	0.0	0.0	0.0	0.0	0.0	0.0	0.09283196239717979	0.18801410105757932	0.0	0.17156286721504113	0.08014101057579319	0.12338425381903642	0.10047003525264395	0.0	0.1245593419506463	0.02256169212690952	0.02444183313748531	0.023971797884841363	0.0	0.0	0.08237367802585194	0.0	0.0	0.030787309048178613	0.0	0.0	0.022209165687426556	0.0	0.0	0.0	0.0	0.0	0.05616921269095182	0.0	0.02491186839012926	0.02937720329024677	0.029847238542890717	0.02256169212690952	0.02937720329024677	0.0	0.02855464159811986	0.03842538190364277	0.06333725029377203	0.05840188014101058	0.06745005875440657	0.06792009400705053	0.0	0.0	0.0	0.0792009400705053	0.023971797884841363	0.0	0.021269095182138664	0.0	0.0	0.0	0.0	0.07555816686251468	0.0	0.0	0.0990599294947121	0.046650998824911874	0.11316098707403055	0.11727379553466509	0.07238542890716804	0.07285546415981199	0.0	0.0	0.0	0.02491186839012926	0.0	0.06427732079905993	0.023031727379553467	0.05111633372502938	0.05969447708578143	0.061574618096357225	0.05969447708578143	0.059224441833137485	0.05299647473560517	0.0	0.054289071680376035	0.0	0.07743830787309049	0.0	0.02937720329024677	0.023031727379553467	0.02808460634547591	0.06968272620446533	0.0	0.062397179788484136	0.0	0.05017626321974148	0.0	0.0	0.05299647473560517	0.05381903642773208
P15869	0.0	0.0	0.0	0.0	0.0	0.0	0.0	0.0	0.0	0.0	0.07779083431257344	0.16686251468860164	0.17156286721504113	0.0	0.0792009400705053	0.12220916568742655	0.08237367802585194	0.0	0.12338425381903642	0.0	0.02256169212690952	0.02256169212690952	0.0	0.0	0.09823736780258518	0.0	0.0	0.02538190364277321	0.0	0.0	0.0	0.0	0.0	0.0	0.0	0.0	0.05746180963572268	0.0	0.0	0.025734430082256166	0.02890716803760282	0.0	0.02491186839012926	0.0	0.02444183313748531	0.04077555816686252	0.062397179788484136	0.06286721504112809	0.06745005875440657	0.07508813160987074	0.0	0.0	0.0	0.0719153936545241	0.0	0.0	0.0	0.0	0.0	0.0	0.0	0.07062279670975323	0.0	0.0	0.07743830787309049	0.041598119858989424	0.11492361927144536	0.10634547591069331	0.06650998824911869	0.06474735605170388	0.0	0.0	0.0	0.02444183313748531	0.0	0.07743830787309049	0.0	0.05569917743830787	0.06016451233842539	0.062397179788484136	0.06204465334900117	0.06110458284371328	0.055229142185663924	0.0	0.05746180963572268	0.0	0.07555816686251468	0.0	0.03125734430082256	0.0	0.037132784958871914	0.07555816686251468	0.0	0.07144535840188014	0.0	0.05746180963572268	0.0	0.0	0.05569917743830787	0.057931844888366626
P15870	0.0	0.0	0.0	0.0	0.0	0.021269095182138664	0.0	0.0	0.0	0.0	0.07238542890716804	0.08507638072855465	0.08014101057579319	0.0792009400705053	0.0	0.08824911868390128	0.07426556991774383	0.0	0.08871915393654524	0.0	0.0	0.0	0.021269095182138664	0.0	0.04841363102232668	0.0	0.0	0.021269095182138664	0.0	0.0	0.02444183313748531	0.0	0.0	0.0	0.0	0.0	0.07015276145710929	0.0	0.0	0.023971797884841363	0.022209165687426556	0.0	0.021269095182138664	0.0	0.02256169212690952	0.044770857814336075	0.07779083431257344	0.07332549941245593	0.06427732079905993	0.08683901292596946	0.0	0.0	0.0	0.08824911868390128	0.0	0.0	0.0	0.0	0.0	0.0	0.0	0.051586368977673325	0.0	0.0	0.05969447708578143	0.04982373678025852	0.07826086956521738	0.07967097532314923	0.04841363102232668	0.05064629847238543	0.0	0.0	0.0	0.021739130434782608	0.0	0.04888366627497062	0.0	0.04747356051703878	0.047943595769682726	0.05064629847238543	0.04888366627497062	0.05017626321974148	0.04300822561692127	0.0	0.05299647473560517	0.0	0.054289071680376035	0.0	0.022209165687426556	0.0	0.02444183313748531	0.04982373678025852	0.0	0.05252643948296123	0.0	0.04841363102232668	0.0	0.021739130434782608	0.04935370152761457	0.044770857814336075
P19375	0.0	0.0	0.0	0.0	0.0	0.0	0.0	0.0	0.0	0.0	0.07779083431257344	0.12690951821386603	0.12338425381903642	0.12220916568742655	0.08824911868390128	0.0	0.08061104582843713	0.0	0.22326674500587543	0.0	0.0	0.0	0.0	0.0	0.07696827262044653	0.0	0.0	0.020799059929494712	0.0	0.0	0.0	0.0	0.021739130434782608	0.0	0.0	0.0	0.05299647473560517	0.0	0.021739130434782608	0.0	0.021739130434782608	0.0	0.02256169212690952	0.021739130434782608	0.021269095182138664	0.04206815511163337	0.06016451233842539	0.06603995299647474	0.06745005875440657	0.08413631022326674	0.0	0.0	0.0	0.06603995299647474	0.0	0.0	0.0	0.0	0.0	0.0	0.0	0.06110458284371328	0.0	0.0	0.0936545240893067	0.043948296122209164	0.1109283196239718	0.11128084606345476	0.059224441833137485	0.05746180963572268	0.0	0.0	0.0	0.0	0.0	0.062397179788484136	0.0	0.05064629847238543	0.06839012925969448	0.06968272620446533	0.06839012925969448	0.07144535840188014	0.054289071680376035	0.0	0.051586368977673325	0.0	0.06968272620446533	0.0	0.02491186839012926	0.0	0.03207990599294947	0.06603995299647474	0.0	0.05746180963572268	0.0	0.057931844888366626	0.0	0.0	0.051586368977673325	0.05205640423031727
Q99284	0.0	0.0	0.020329024676850764	0.0	0.0	0.02937720329024677	0.0	0.0	0.02538190364277321	0.0	0.1410105757931845	0.09412455934195064	0.10047003525264395	0.08237367802585194	0.07426556991774383	0.08061104582843713	0.0	0.023501762632197415	0.07826086956521738	0.0	0.0	0.0	0.0	0.02256169212690952	0.05381903642773208	0.0	0.0	0.0	0.0	0.0	0.0	0.0	0.0	0.0	0.0	0.0	0.04935370152761457	0.0	0.0	0.0	0.0	0.0	0.0	0.0	0.0	0.03936545240893067	0.036662749706227966	0.04571092831962397	0.04700352526439483	0.05381903642773208	0.0	0.0	0.0	0.07144535840188014	0.0	0.0	0.0	0.0	0.0	0.0	0.019388954171562868	0.06603995299647474	0.0	0.0	0.08014101057579319	0.05205640423031727	0.07649823736780258	0.07555816686251468	0.06474735605170388	0.06698002350176263	0.0	0.0	0.0	0.0	0.0	0.04430082256169213	0.0	0.03619271445358402	0.04253819036427733	0.04253819036427733	0.04300822561692127	0.04618096357226792	0.03983548766157462	0.0	0.037132784958871914	0.0	0.044770857814336075	0.0	0.026674500587544066	0.0	0.027144535840188017	0.04430082256169213	0.0	0.046650998824911874	0.0	0.04571092831962397	0.0	0.0	0.03795534665099882	0.037132784958871914
A0A2G8JXS7	0.0	0.0	0.0	0.0	0.0	0.0	0.0	0.0	0.0	0.0	0.023501762632197415	0.0	0.0	0.0	0.0	0.0	0.023501762632197415	0.0	0.0	0.2796709753231492	0.2291421856639248	0.2573443008225617	0.42655699177438305	0.0	0.0	0.0	0.0	0.0	0.0	0.0	0.0	0.0	0.0	0.02444183313748531	0.0	0.0	0.0	0.02444183313748531	0.0	0.0	0.0	0.0	0.0	0.0	0.0	0.0	0.0	0.0	0.0	0.0	0.0	0.0	0.0	0.0	0.0	0.0	0.0	0.0	0.0	0.0	0.0	0.0	0.0	0.0	0.0	0.0	0.02256169212690952	0.0	0.0	0.0	0.019858989424206813	0.0	0.0	0.0	0.0	0.0	0.0	0.0	0.0	0.0	0.0	0.0	0.0	0.0	0.0	0.0	0.0	0.0	0.0	0.0	0.0	0.0	0.0	0.0	0.0	0.0	0.0	0.0	0.0	0.0
A0A2Z5U3Q6	0.0	0.0	0.0	0.0	0.0	0.0	0.0	0.0	0.0	0.0	0.07508813160987074	0.12808460634547592	0.1245593419506463	0.12338425381903642	0.08871915393654524	0.22326674500587543	0.07826086956521738	0.0	0.0	0.0	0.0	0.0	0.0	0.0	0.0792009400705053	0.0	0.02491186839012926	0.02256169212690952	0.0	0.0	0.0	0.0	0.0	0.0	0.0	0.0	0.05334900117508813	0.0	0.0	0.0	0.020799059929494712	0.0	0.0	0.0	0.023031727379553467	0.04300822561692127	0.06063454759106933	0.06698002350176263	0.06968272620446533	0.08683901292596946	0.0	0.0	0.0	0.06698002350176263	0.0	0.0	0.0	0.0	0.0	0.0	0.0	0.059224441833137485	0.0	0.0	0.09283196239717979	0.04300822561692127	0.1109283196239718	0.11410105757931845	0.05699177438307873	0.054759106933019976	0.0	0.0	0.0	0.0	0.0	0.06521739130434782	0.0	0.05252643948296123	0.07238542890716804	0.07332549941245593	0.07238542890716804	0.07555816686251468	0.05652173913043478	0.0	0.05381903642773208	0.0	0.06921269095182138	0.0	0.021739130434782608	0.0	0.030787309048178613	0.06650998824911869	0.0	0.05840188014101058	0.0	0.05969447708578143	0.0	0.0	0.05381903642773208	0.054759106933019976
A0A7M7NK35	0.0	0.0	0.0	0.0	0.0	0.0	0.0	0.0	0.0	0.0	0.02491186839012926	0.0	0.02256169212690952	0.0	0.0	0.0	0.0	0.2796709753231492	0.0	0.0	0.26321974148061106	0.2984723854289072	0.2984723854289072	0.0	0.0	0.0	0.0	0.0	0.0	0.0	0.0	0.0	0.0	0.0	0.023031727379553467	0.0	0.0	0.0	0.0	0.0	0.0	0.0	0.0	0.0	0.0	0.023501762632197415	0.0	0.0	0.0	0.0	0.0	0.0	0.0	0.030317273795534665	0.0	0.0	0.0	0.0	0.0	0.0	0.0	0.0	0.020329024676850764	0.0	0.0	0.0	0.0	0.0	0.0	0.0	0.021739130434782608	0.0	0.0	0.0	0.0	0.0	0.0	0.0	0.0	0.0	0.0	0.0	0.0	0.0	0.0	0.0	0.0	0.0	0.0	0.0	0.0	0.0	0.023971797884841363	0.0	0.0	0.0	0.0	0.0	0.0	0.0
A0A8B7Y813	0.0	0.0	0.0	0.020799059929494712	0.0	0.0	0.0	0.0	0.0	0.0	0.030317273795534665	0.0	0.02444183313748531	0.02256169212690952	0.0	0.0	0.0	0.2291421856639248	0.0	0.26321974148061106	0.0	0.736780258519389	0.24206815511163338	0.0	0.0	0.0	0.0	0.0	0.0	0.0	0.0	0.0	0.0	0.0	0.0	0.0	0.0	0.0	0.0	0.0	0.0	0.0	0.0	0.0	0.0	0.023031727379553467	0.0	0.0	0.0	0.0	0.0	0.0	0.0	0.0	0.0	0.0	0.0	0.0	0.0	0.0	0.0	0.0	0.0	0.020799059929494712	0.0	0.022209165687426556	0.0	0.0	0.0	0.0	0.022209165687426556	0.0	0.021269095182138664	0.0	0.0	0.0	0.0	0.0	0.0	0.0	0.0	0.0	0.0	0.0	0.0	0.0	0.0	0.020799059929494712	0.0	0.0	0.0	0.0	0.025734430082256166	0.0	0.0	0.0	0.020799059929494712	0.0	0.0	0.0
A0A8B7Y9T9	0.0	0.0	0.0	0.020799059929494712	0.0	0.0	0.0	0.0	0.0	0.0	0.029847238542890717	0.0	0.023971797884841363	0.02256169212690952	0.0	0.0	0.0	0.2573443008225617	0.0	0.2984723854289072	0.736780258519389	0.0	0.27497062279670975	0.0	0.0	0.0	0.0	0.0	0.0	0.0	0.0	0.0	0.0	0.0	0.0	0.0	0.0	0.0	0.0	0.0	0.0	0.0	0.0	0.0	0.0	0.023031727379553467	0.0	0.021739130434782608	0.0	0.0	0.0	0.0	0.0	0.0	0.0	0.0	0.0	0.0	0.0	0.0	0.0	0.0	0.0	0.02444183313748531	0.0	0.022209165687426556	0.0	0.0	0.0	0.0	0.022209165687426556	0.0	0.023501762632197415	0.0	0.0	0.0	0.0	0.0	0.0	0.0	0.0	0.0	0.0	0.0	0.0	0.0	0.0	0.020799059929494712	0.0	0.0	0.0	0.0	0.025734430082256166	0.0	0.0	0.0	0.020799059929494712	0.0	0.0	0.0
A0A9Q1BUN4	0.0	0.0	0.0	0.0	0.0	0.0	0.0	0.0	0.0	0.0	0.026204465334900118	0.022209165687426556	0.0	0.0	0.021269095182138664	0.0	0.0	0.42655699177438305	0.0	0.2984723854289072	0.24206815511163338	0.27497062279670975	0.0	0.0	0.0	0.0	0.0	0.0	0.0	0.0	0.0	0.0	0.0	0.0	0.0	0.0	0.0	0.0	0.0	0.0	0.0	0.0	0.0	0.0	0.0	0.0	0.0	0.0	0.0	0.0	0.0	0.023971797884841363	0.0	0.0	0.0	0.0	0.022209165687426556	0.0	0.0	0.0	0.0	0.0	0.0	0.0	0.0	0.0	0.0	0.0	0.0	0.0	0.019858989424206813	0.0	0.0	0.0	0.021269095182138664	0.0	0.0	0.0	0.0	0.0	0.021739130434782608	0.0	0.0	0.019388954171562868	0.0	0.0	0.0	0.0	0.023501762632197415	0.0	0.0	0.0	0.0	0.0	0.0	0.023971797884841363	0.0	0.0	0.0	0.0
P19376	0.0	0.0	0.0	0.0	0.0	0.0	0.0	0.0	0.0	0.0	0.020799059929494712	0.0	0.0	0.0	0.0	0.0	0.02256169212690952	0.0	0.0	0.0	0.0	0.0	0.0	0.0	0.0	0.0	0.0	0.0	0.0	0.0	0.0	0.0	0.0	0.0	0.0	0.0	0.0	0.0	0.0	0.0	0.0	0.0	0.0	0.0	0.0	0.0	0.0	0.0	0.0	0.0	0.0	0.0	0.0	0.0	0.0	0.0	0.0	0.0	0.0	0.0	0.0	0.0	0.0	0.0	0.0	0.0	0.0	0.0	0.0	0.0	0.0	0.0	0.0	0.0	0.0	0.0	0.0	0.0	0.0	0.0	0.0	0.0	0.0	0.0	0.0	0.0	0.0	0.021269095182138664	0.0	0.0	0.0	0.0	0.0	0.0	0.0	0.0	0.021739130434782608	0.0	0.0	0.0
Q99282	0.0	0.0	0.0	0.0	0.0	0.0	0.0	0.0	0.0	0.0	0.04841363102232668	0.09283196239717979	0.08237367802585194	0.09823736780258518	0.04841363102232668	0.07696827262044653	0.05381903642773208	0.0	0.0792009400705053	0.0	0.0	0.0	0.0	0.0	0.0	0.0	0.0	0.0	0.0	0.0	0.0	0.0	0.0	0.0	0.0	0.0	0.03795534665099882	0.0	0.0	0.0	0.0	0.0	0.0	0.0	0.0	0.025734430082256166	0.03936545240893067	0.03619271445358402	0.03983548766157462	0.043478260869565216	0.0	0.0	0.0	0.04253819036427733	0.0	0.0	0.0	0.0	0.0	0.0	0.0	0.03760282021151586	0.0	0.0	0.041128084606345476	0.02256169212690952	0.06380728554641597	0.06427732079905993	0.03842538190364277	0.03889541715628672	0.0	0.0	0.0	0.021739130434782608	0.0	0.05381903642773208	0.0	0.05334900117508813	0.05746180963572268	0.05652173913043478	0.05699177438307873	0.05616921269095182	0.051586368977673325	0.0	0.05299647473560517	0.0	0.03525264394829612	0.02256169212690952	0.0	0.0	0.03160987074030552	0.033490011750881316	0.0	0.03983548766157462	0.0	0.05017626321974148	0.02256169212690952	0.0	0.04747356051703878	0.05017626321974148
O13777	0.0	0.0	0.0	0.021269095182138664	0.0	0.0	0.0	0.0	0.0	0.0	0.0	0.0	0.0	0.0	0.0	0.0	0.0	0.0	0.0	0.0	0.0	0.0	0.0	0.0	0.0	0.0	0.02538190364277321	0.0	0.0	0.021739130434782608	0.0	0.0	0.0	0.0	0.0	0.0	0.0	0.0	0.0	0.0	0.0	0.022209165687426556	0.0	0.0	0.0	0.0	0.0	0.023501762632197415	0.0	0.0	0.0	0.0	0.0	0.022209165687426556	0.0	0.0	0.0	0.0	0.0	0.0	0.0	0.0	0.0	0.0	0.0	0.0	0.0	0.0	0.0	0.0	0.0	0.0	0.0	0.0	0.0	0.0	0.02256169212690952	0.0	0.0	0.0	0.0	0.0	0.0	0.0	0.0	0.0	0.0	0.0	0.0	0.02256169212690952	0.0	0.0	0.023501762632197415	0.0	0.0	0.0	0.0	0.0	0.0	0.0
O13881	0.0	0.0	0.0	0.0	0.0	0.0	0.0	0.0	0.0	0.0	0.0	0.0	0.0	0.0	0.0	0.0	0.0	0.0	0.02491186839012926	0.0	0.0	0.0	0.0	0.0	0.0	0.02538190364277321	0.0	0.0	0.0	0.0	0.0	0.0	0.0	0.0	0.0	0.0	0.0	0.0	0.0	0.0	0.0	0.0	0.0	0.0	0.0	0.0	0.0	0.0	0.0	0.0	0.0	0.0	0.0	0.0	0.0	0.0	0.0	0.0	0.0	0.0	0.0	0.0	0.0	0.0	0.0	0.0	0.0	0.0	0.0	0.0	0.0	0.0	0.0	0.0	0.0	0.0	0.0	0.026674500587544066	0.0	0.0	0.0	0.0	0.0	0.0	0.02491186839012926	0.0	0.0	0.0	0.0	0.0	0.0	0.0	0.026204465334900118	0.0	0.0	0.0	0.0	0.0	0.0	0.0
P02293	0.19153936545240893	0.19741480611045828	0.19036427732079905	0.02808460634547591	0.1927144535840188	0.1891891891891892	0.19623971797884843	0.0	0.1844888366627497	0.20329024676850763	0.0	0.026674500587544066	0.030787309048178613	0.02538190364277321	0.021269095182138664	0.020799059929494712	0.0	0.0	0.02256169212690952	0.0	0.0	0.0	0.0	0.0	0.0	0.0	0.0	0.0	0.02890716803760282	0.02890716803760282	0.23736780258519388	0.0	0.02538190364277321	0.0	0.0	0.0	0.023501762632197415	0.0	0.03125734430082256	0.27497062279670975	0.28554641598119856	0.030317273795534665	0.28554641598119856	0.02890716803760282	0.2808460634547591	0.021269095182138664	0.0	0.0	0.0	0.0	0.0	0.0	0.0	0.0	0.0	0.0	0.0	0.0	0.0	0.0	0.19858989424206816	0.0	0.0	0.0	0.0	0.0	0.020799059929494712	0.023031727379553467	0.0	0.0	0.0	0.0	0.0	0.0	0.0	0.0	0.026204465334900118	0.0	0.027144535840188017	0.020799059929494712	0.023031727379553467	0.025734430082256166	0.0	0.0	0.0	0.0	0.0	0.21151586368977673	0.0	0.026204465334900118	0.0	0.0	0.0	0.02256169212690952	0.0	0.0	0.21269095182138661	0.0	0.0	0.0
P04909	0.02491186839012926	0.02890716803760282	0.027144535840188017	0.21974148061104584	0.026204465334900118	0.0	0.02855464159811986	0.0	0.02538190364277321	0.02808460634547591	0.0	0.0	0.0	0.0	0.0	0.0	0.0	0.0	0.0	0.0	0.0	0.0	0.0	0.0	0.0	0.0	0.0	0.02890716803760282	0.0	0.23736780258519388	0.02890716803760282	0.0	0.0	0.0	0.0	0.0	0.0	0.0	0.21739130434782608	0.02855464159811986	0.02855464159811986	0.22679200940070504	0.02890716803760282	0.2502937720329025	0.02937720329024677	0.0	0.0	0.0	0.022209165687426556	0.0	0.0	0.0	0.0	0.0	0.0	0.0	0.0	0.0	0.0	0.0	0.027614571092831962	0.0	0.0	0.0	0.0	0.0	0.0	0.0	0.0	0.0	0.0	0.0	0.0	0.0	0.0	0.0	0.23031727379553465	0.0	0.0	0.0	0.0	0.0	0.0	0.0	0.0	0.0	0.0	0.02855464159811986	0.0	0.23031727379553465	0.0	0.0	0.0	0.020799059929494712	0.0	0.0	0.02855464159811986	0.0	0.0	0.0
P04911	0.02491186839012926	0.02808460634547591	0.027144535840188017	0.21974148061104584	0.026204465334900118	0.02538190364277321	0.02808460634547591	0.0	0.02444183313748531	0.0	0.0	0.0	0.0	0.0	0.0	0.0	0.0	0.0	0.0	0.0	0.0	0.0	0.0	0.0	0.0	0.021739130434782608	0.0	0.02890716803760282	0.23736780258519388	0.0	0.02937720329024677	0.0	0.0	0.0	0.0	0.0	0.0	0.0	0.21856639247943596	0.02890716803760282	0.02890716803760282	0.2925969447708578	0.02937720329024677	0.29612220916568743	0.030787309048178613	0.0	0.0	0.0	0.022209165687426556	0.0	0.0	0.0	0.0	0.0	0.0	0.0	0.0	0.0	0.0	0.0	0.027614571092831962	0.0	0.0	0.0	0.0	0.0	0.0	0.0	0.0	0.0	0.0	0.0	0.0	0.0	0.0	0.0	0.2256169212690952	0.0	0.0	0.0	0.0	0.0	0.0	0.0	0.0	0.023971797884841363	0.0	0.02808460634547591	0.0	0.2256169212690952	0.0	0.0	0.0	0.0	0.021739130434782608	0.0	0.02808460634547591	0.020799059929494712	0.0	0.0
P04913	0.19153936545240893	0.19623971797884843	0.19153936545240893	0.02808460634547591	0.18801410105757932	0.18566392479435959	0.19623971797884843	0.0	0.1809635722679201	0.2009400705052879	0.0	0.0	0.022209165687426556	0.0	0.02444183313748531	0.0	0.0	0.0	0.0	0.0	0.0	0.0	0.0	0.0	0.0	0.0	0.0	0.23736780258519388	0.02890716803760282	0.02937720329024677	0.0	0.0	0.0	0.0	0.0	0.0	0.023501762632197415	0.0	0.03207990599294947	0.22796709753231492	0.23031727379553465	0.030317273795534665	0.23501762632197415	0.02890716803760282	0.23031727379553465	0.021269095182138664	0.0	0.0	0.0	0.023501762632197415	0.0	0.0	0.0	0.0	0.0	0.0	0.021269095182138664	0.0	0.0	0.0	0.199764982373678	0.0	0.0	0.0	0.0	0.0	0.0	0.0	0.0	0.0	0.0	0.0	0.0	0.020799059929494712	0.0	0.0	0.026204465334900118	0.0	0.0	0.0	0.0	0.0	0.0	0.0	0.0	0.0	0.0	0.20211515863689777	0.0	0.026204465334900118	0.0	0.0	0.0	0.0	0.0	0.0	0.20211515863689777	0.0	0.022209165687426556	0.0
P34225	0.0	0.0	0.020799059929494712	0.0	0.0	0.0	0.0	0.0	0.021269095182138664	0.0	0.0	0.0	0.0	0.0	0.0	0.0	0.0	0.0	0.0	0.0	0.0	0.0	0.0	0.0	0.0	0.0	0.0	0.0	0.0	0.0	0.0	0.0	0.0	0.0	0.023501762632197415	0.0	0.0	0.0	0.0	0.0	0.0	0.0	0.0	0.0	0.0	0.0	0.0	0.0	0.021739130434782608	0.0	0.0	0.0	0.0	0.0	0.0	0.0	0.021269095182138664	0.0	0.0	0.0	0.0	0.0	0.0	0.0	0.0	0.0	0.0	0.0	0.0	0.0	0.021269095182138664	0.0	0.020799059929494712	0.0	0.0	0.0	0.0	0.0	0.0	0.0	0.0	0.0	0.023031727379553467	0.0	0.0	0.0	0.0	0.0	0.0	0.0	0.0	0.0	0.0	0.0	0.0	0.021739130434782608	0.0	0.0	0.0	0.0
P36008	0.0	0.0	0.0	0.0	0.0	0.0	0.0	0.0	0.0	0.0	0.0	0.0	0.0	0.0	0.0	0.021739130434782608	0.0	0.0	0.0	0.0	0.0	0.0	0.0	0.0	0.0	0.0	0.0	0.02538190364277321	0.0	0.0	0.0	0.0	0.0	0.0	0.0	0.02491186839012926	0.0	0.0	0.0	0.023031727379553467	0.02256169212690952	0.0	0.0	0.0	0.0	0.0	0.0	0.0	0.026204465334900118	0.0	0.0	0.0	0.0	0.0	0.0	0.0	0.0	0.0	0.0	0.02538190364277321	0.0	0.023971797884841363	0.0	0.020329024676850764	0.021269095182138664	0.0	0.023031727379553467	0.0	0.0	0.0	0.0	0.0	0.0	0.0	0.0	0.023971797884841363	0.0	0.0	0.0	0.0	0.0	0.023031727379553467	0.0	0.0	0.0	0.0	0.0	0.0	0.0	0.0	0.0	0.0	0.0	0.023031727379553467	0.0	0.022209165687426556	0.0	0.0	0.0	0.0
P38340	0.0	0.0	0.0	0.0	0.0	0.0	0.0	0.0	0.0	0.0	0.0	0.023031727379553467	0.0	0.0	0.0	0.0	0.0	0.02444183313748531	0.0	0.0	0.0	0.0	0.0	0.0	0.0	0.0	0.0	0.0	0.0	0.0	0.0	0.0	0.0	0.0	0.0	0.0	0.0	0.0	0.0	0.0	0.0	0.0	0.0	0.0	0.0	0.0	0.0	0.0	0.0	0.0	0.0	0.0	0.0	0.0	0.0	0.0	0.0	0.0	0.023031727379553467	0.0	0.0	0.0	0.0	0.0	0.0	0.0	0.0	0.0	0.0	0.0	0.0	0.0	0.0	0.021739130434782608	0.0	0.0	0.0	0.0	0.0	0.0	0.0	0.0	0.0	0.0	0.0	0.0	0.0	0.0	0.0	0.0	0.0	0.0	0.023031727379553467	0.0	0.0	0.0	0.0	0.0	0.0	0.0
P53250	0.0	0.0	0.0	0.0	0.0	0.0	0.0	0.0	0.0	0.0	0.0	0.0	0.0	0.0	0.0	0.0	0.0	0.0	0.0	0.023031727379553467	0.0	0.0	0.0	0.0	0.0	0.0	0.0	0.0	0.0	0.0	0.0	0.023501762632197415	0.0	0.0	0.0	0.0	0.02444183313748531	0.02538190364277321	0.0	0.0	0.0	0.0	0.0	0.0	0.0	0.0	0.0	0.0	0.0	0.0	0.0	0.0	0.0	0.0	0.023031727379553467	0.0	0.023971797884841363	0.0	0.0	0.0	0.0	0.02538190364277321	0.020329024676850764	0.0	0.0	0.0	0.0	0.0	0.02444183313748531	0.027614571092831962	0.0	0.0	0.0	0.020329024676850764	0.0	0.0	0.0	0.0	0.0	0.0	0.0	0.0	0.0	0.0	0.0	0.0	0.0	0.0	0.0	0.0	0.0	0.0	0.023501762632197415	0.0	0.0	0.0	0.0	0.0	0.0	0.0
P53322	0.0	0.0	0.0	0.0	0.0	0.0	0.0	0.0	0.0	0.0	0.0	0.0	0.0	0.0	0.0	0.0	0.0	0.0	0.0	0.0	0.0	0.0	0.0	0.0	0.0	0.0	0.0	0.0	0.0	0.0	0.0	0.0	0.02491186839012926	0.0	0.0	0.0	0.0	0.023971797884841363	0.0	0.0	0.0	0.0	0.0	0.0	0.0	0.0	0.0	0.0	0.0	0.0	0.0	0.023031727379553467	0.023031727379553467	0.0	0.023501762632197415	0.0	0.023031727379553467	0.0	0.0	0.023501762632197415	0.0	0.0	0.020329024676850764	0.0	0.0	0.0	0.0	0.0	0.0	0.0	0.0	0.0	0.0	0.0	0.0	0.0	0.0	0.0	0.0	0.0	0.0	0.0	0.0	0.0	0.0	0.0	0.0	0.0	0.0	0.0	0.0	0.0	0.0	0.0	0.0	0.0	0.0	0.023501762632197415	0.0	0.0
P53551	0.020799059929494712	0.020799059929494712	0.022209165687426556	0.0	0.0	0.020799059929494712	0.0	0.0	0.0	0.020799059929494712	0.03572267920094007	0.05381903642773208	0.05616921269095182	0.05746180963572268	0.07015276145710929	0.05299647473560517	0.04935370152761457	0.0	0.05334900117508813	0.0	0.0	0.0	0.0	0.0	0.03795534665099882	0.0	0.0	0.023501762632197415	0.0	0.0	0.023501762632197415	0.0	0.0	0.0	0.02444183313748531	0.0	0.0	0.0	0.0	0.02444183313748531	0.02444183313748531	0.0	0.027614571092831962	0.0	0.02538190364277321	0.18566392479435959	0.10141010575793184	0.090951821386604	0.09048178613396005	0.10270270270270271	0.0	0.0	0.0	0.054759106933019976	0.0	0.0	0.022209165687426556	0.0	0.0	0.0	0.0	0.04700352526439483	0.0	0.0	0.041128084606345476	0.04618096357226792	0.04700352526439483	0.04077555816686252	0.04300822561692127	0.041128084606345476	0.0	0.0	0.0	0.02444183313748531	0.020329024676850764	0.027614571092831962	0.0	0.02890716803760282	0.02937720329024677	0.02890716803760282	0.02808460634547591	0.02855464159811986	0.027614571092831962	0.0	0.02855464159811986	0.0	0.041128084606345476	0.02256169212690952	0.0	0.0	0.0	0.04206815511163337	0.0	0.05381903642773208	0.0	0.03443008225616921	0.023501762632197415	0.0	0.03160987074030552	0.026674500587544066
P53729	0.0	0.0	0.0	0.0	0.0	0.0	0.0	0.0	0.0	0.0	0.0	0.0	0.0	0.0	0.0	0.0	0.0	0.02444183313748531	0.0	0.0	0.0	0.0	0.0	0.0	0.0	0.0	0.0	0.0	0.0	0.0	0.0	0.0	0.0	0.0	0.02538190364277321	0.023971797884841363	0.0	0.0	0.0	0.0	0.0	0.0	0.0	0.0	0.0	0.0	0.0	0.0	0.0	0.0	0.0	0.0	0.0	0.0	0.0	0.0	0.0	0.0	0.0	0.0	0.0	0.0	0.0	0.0	0.0	0.0	0.0	0.0	0.0	0.0	0.02256169212690952	0.0	0.0	0.0	0.0	0.0	0.0	0.0	0.0	0.0	0.0	0.0	0.0	0.0	0.0	0.0	0.0	0.0	0.0	0.0	0.0	0.0	0.023971797884841363	0.0	0.0	0.0	0.0	0.0	0.0	0.0
P0CN98	0.0	0.03125734430082256	0.02937720329024677	0.21504112808460635	0.0	0.026674500587544066	0.030787309048178613	0.0	0.0	0.0	0.0	0.0	0.02491186839012926	0.0	0.0	0.021739130434782608	0.0	0.0	0.0	0.0	0.0	0.0	0.0	0.0	0.0	0.0	0.0	0.03125734430082256	0.21739130434782608	0.21856639247943596	0.03207990599294947	0.0	0.0	0.0	0.0	0.0	0.0	0.0	0.0	0.03207990599294947	0.03572267920094007	0.21974148061104584	0.03125734430082256	0.23619271445358403	0.03301997649823737	0.0	0.0	0.0	0.02256169212690952	0.0	0.0	0.0	0.0	0.02256169212690952	0.023031727379553467	0.0	0.0	0.0	0.0	0.0	0.030787309048178613	0.0	0.0	0.0	0.0	0.0	0.0	0.0	0.0	0.0	0.0	0.0	0.0	0.0	0.0	0.020799059929494712	0.22679200940070504	0.020799059929494712	0.0	0.0	0.0	0.0	0.0	0.0	0.021269095182138664	0.0	0.0	0.030317273795534665	0.0	0.22679200940070504	0.0	0.0	0.0	0.0	0.0	0.0	0.030787309048178613	0.0	0.0	0.0
P48989	0.19506462984723855	0.2009400705052879	0.19153936545240893	0.02808460634547591	0.1927144535840188	0.1891891891891892	0.19858989424206816	0.0	0.18683901292596944	0.20329024676850763	0.0	0.027144535840188017	0.02937720329024677	0.025734430082256166	0.023971797884841363	0.0	0.0	0.0	0.0	0.0	0.0	0.0	0.0	0.0	0.0	0.0	0.0	0.27497062279670975	0.02855464159811986	0.02890716803760282	0.22796709753231492	0.0	0.023031727379553467	0.0	0.0	0.0	0.02444183313748531	0.0	0.03207990599294947	0.0	0.27144535840188017	0.030317273795534665	0.2690951821386604	0.02890716803760282	0.2690951821386604	0.023031727379553467	0.0	0.0	0.0	0.0	0.0	0.0	0.0	0.0	0.0	0.0	0.0	0.0	0.0	0.0	0.2044653349001175	0.0	0.0	0.0	0.0	0.0	0.0	0.023501762632197415	0.0	0.0	0.0	0.0	0.0	0.0	0.0	0.0	0.026204465334900118	0.021269095182138664	0.022209165687426556	0.02855464159811986	0.020799059929494712	0.026674500587544066	0.0	0.0	0.0	0.0	0.0	0.20799059929494712	0.0	0.026204465334900118	0.023501762632197415	0.022209165687426556	0.0	0.0	0.0	0.0	0.20799059929494712	0.0	0.0	0.0
Q6CK60	0.1891891891891892	0.1927144535840188	0.18801410105757932	0.02808460634547591	0.19036427732079905	0.18801410105757932	0.19741480611045828	0.0	0.18331374853113983	0.199764982373678	0.0	0.02538190364277321	0.029847238542890717	0.02890716803760282	0.022209165687426556	0.021739130434782608	0.0	0.0	0.020799059929494712	0.0	0.0	0.0	0.0	0.0	0.0	0.0	0.0	0.28554641598119856	0.02855464159811986	0.02890716803760282	0.23031727379553465	0.0	0.02256169212690952	0.0	0.0	0.0	0.02444183313748531	0.0	0.03572267920094007	0.27144535840188017	0.0	0.029847238542890717	0.27144535840188017	0.02890716803760282	0.2925969447708578	0.021269095182138664	0.0	0.0	0.0	0.0	0.0	0.0	0.0	0.0	0.0	0.0	0.0	0.0	0.0	0.0	0.19741480611045828	0.0	0.0	0.0	0.020329024676850764	0.0	0.023031727379553467	0.022209165687426556	0.0	0.0	0.0	0.0	0.0	0.0	0.0	0.0	0.026204465334900118	0.0	0.026674500587544066	0.02491186839012926	0.023501762632197415	0.02256169212690952	0.0	0.0	0.0	0.023501762632197415	0.0	0.2044653349001175	0.0	0.025734430082256166	0.0	0.0	0.0	0.0	0.0	0.0	0.2044653349001175	0.0	0.0	0.0
Q6FWM7	0.02538190364277321	0.02937720329024677	0.02855464159811986	0.21856639247943596	0.027614571092831962	0.02538190364277321	0.02937720329024677	0.0	0.025734430082256166	0.0	0.0	0.0	0.02256169212690952	0.0	0.0	0.0	0.0	0.0	0.0	0.0	0.0	0.0	0.0	0.0	0.0	0.022209165687426556	0.0	0.030317273795534665	0.22679200940070504	0.2925969447708578	0.030317273795534665	0.0	0.0	0.0	0.0	0.0	0.0	0.0	0.21974148061104584	0.030317273795534665	0.029847238542890717	0.0	0.030787309048178613	0.2808460634547591	0.03207990599294947	0.0	0.0	0.0	0.022209165687426556	0.0	0.0	0.0	0.0	0.0	0.0	0.0	0.0	0.0	0.0	0.0	0.02937720329024677	0.0	0.0	0.0	0.0	0.0	0.020799059929494712	0.0	0.0	0.0	0.0	0.0	0.0	0.0	0.0	0.0	0.2244418331374853	0.0	0.023031727379553467	0.02256169212690952	0.0	0.026204465334900118	0.0	0.0	0.0	0.022209165687426556	0.0	0.02937720329024677	0.0	0.2244418331374853	0.0	0.0	0.0	0.0	0.021739130434782608	0.0	0.02937720329024677	0.0	0.0	0.0
Q6FWM8	0.19506462984723855	0.19623971797884843	0.19388954171562867	0.02855464159811986	0.19388954171562867	0.1891891891891892	0.2009400705052879	0.0	0.1844888366627497	0.2056404230317274	0.0	0.026204465334900118	0.02937720329024677	0.02491186839012926	0.021269095182138664	0.02256169212690952	0.0	0.0	0.0	0.0	0.0	0.0	0.0	0.0	0.0	0.0	0.0	0.28554641598119856	0.02890716803760282	0.02937720329024677	0.23501762632197415	0.0	0.0	0.0	0.0	0.0	0.027614571092831962	0.0	0.03125734430082256	0.2690951821386604	0.27144535840188017	0.030787309048178613	0.0	0.02937720329024677	0.27379553466509987	0.021739130434782608	0.0	0.0	0.0	0.0	0.0	0.0	0.0	0.0	0.0	0.0	0.0	0.0	0.0	0.0	0.19858989424206816	0.0	0.0	0.0	0.0	0.0	0.0	0.023031727379553467	0.0	0.0	0.021739130434782608	0.0	0.0	0.0	0.0	0.0	0.026674500587544066	0.0	0.020799059929494712	0.022209165687426556	0.0	0.026674500587544066	0.0	0.0	0.0	0.020799059929494712	0.0	0.21151586368977673	0.0	0.026674500587544066	0.0	0.0	0.0	0.0	0.020799059929494712	0.022209165687426556	0.21151586368977673	0.0	0.0	0.0
Q74ZL4	0.025734430082256166	0.02855464159811986	0.027144535840188017	0.2291421856639248	0.026204465334900118	0.025734430082256166	0.03207990599294947	0.0	0.026204465334900118	0.0	0.0	0.0	0.0	0.0	0.0	0.021739130434782608	0.0	0.0	0.0	0.0	0.0	0.0	0.0	0.0	0.0	0.0	0.0	0.02890716803760282	0.2502937720329025	0.29612220916568743	0.02890716803760282	0.0	0.0	0.0	0.0	0.0	0.0	0.0	0.23619271445358403	0.02890716803760282	0.02890716803760282	0.2808460634547591	0.02937720329024677	0.0	0.030317273795534665	0.0	0.0	0.0	0.021739130434782608	0.0	0.0	0.0	0.0	0.0	0.0	0.0	0.0	0.0	0.0	0.0	0.02855464159811986	0.0	0.0	0.0	0.0	0.0	0.0	0.0	0.0	0.0	0.0	0.0	0.0	0.0	0.0	0.0	0.23384253819036427	0.0	0.0	0.0	0.0	0.022209165687426556	0.0	0.0	0.020329024676850764	0.021269095182138664	0.0	0.02808460634547591	0.0	0.23501762632197415	0.0	0.0	0.0	0.0	0.0	0.0	0.02808460634547591	0.020799059929494712	0.0	0.0
Q74ZL5	0.1927144535840188	0.19506462984723855	0.19153936545240893	0.02890716803760282	0.1927144535840188	0.19036427732079905	0.20211515863689777	0.0	0.18566392479435959	0.20329024676850763	0.0	0.02538190364277321	0.02855464159811986	0.02444183313748531	0.02256169212690952	0.021269095182138664	0.0	0.0	0.023031727379553467	0.0	0.0	0.0	0.0	0.0	0.0	0.0	0.0	0.2808460634547591	0.02937720329024677	0.030787309048178613	0.23031727379553465	0.0	0.0	0.0	0.0	0.0	0.02538190364277321	0.0	0.03301997649823737	0.2690951821386604	0.2925969447708578	0.03207990599294947	0.27379553466509987	0.030317273795534665	0.0	0.02256169212690952	0.0	0.0	0.0	0.0	0.0	0.0	0.0	0.0	0.0	0.0	0.0	0.0	0.0	0.0	0.199764982373678	0.0	0.0	0.0	0.021739130434782608	0.0	0.0	0.022209165687426556	0.0	0.0	0.0	0.0	0.0	0.020329024676850764	0.0	0.02256169212690952	0.027144535840188017	0.0	0.029847238542890717	0.026204465334900118	0.023501762632197415	0.023501762632197415	0.0	0.0	0.0	0.020799059929494712	0.0	0.20681551116333724	0.0	0.027144535840188017	0.0	0.0	0.0	0.0	0.020799059929494712	0.0	0.20681551116333724	0.0	0.0	0.0
