query	Q27749	P02287	P02290	P04735	P06145	P06146	P07794	P13281	P16887	P16888	P02257	P06144	P07796	P15869	P15870	P19375	Q99284	A0A2G8JXS7	A0A2Z5U3Q6	A0A7M7NK35	A0A8B7Y813	A0A8B7Y9T9	A0A9Q1BUN4	P19376	Q99282	O13777	O13881	P02293	P04909	P04911	P04913	P34225	P36008	P38340	P53250	P53322	P53551	P53729	P0CN98	P48989	Q6CK60	Q6FWM7	Q6FWM8	Q74ZL4	Q74ZL5	Q6FJX6	Q75C22	Q8J0U2	Q9P8F8	Q9UV33	D2Y1X6	G5EDE1	P92507	Q18336	Q24255	Q2XQ09	A0A0P0E482	C0HJQ7	C0JAT9	P08515	P35068	Q05831	D2Y2C6	D2Y2Q6	P06894	P22975	P35060	P40265	Q86QH9	Q86QI0	Q86SE1	B3EWU8	D2Y2F4	P27204	S0F209	D4A3K5	P04908	P06349	P10412	P15865	P16402	P16403	P22492	P80294	Q07133	Q0V7M1	Q3HNG7	Q64478	Q75WM6	Q8CGP6	Q8CJI4	Q8IZA3	Q8N1T3	Q8VIK3	Q91YA2	Q92522	Q93079	Q9ULR3	P06348	P40286
Q27749	1.0	0.7884841363102233	0.6968272620446534	0.0	0.7708578143360751	0.7790834312573442	0.7873090481786134	0.9384253819036428	0.7802585193889542	0.800235017626322	0.9769682726204465	0.0	0.0	0.0	0.0	0.0	0.0	0.0	0.0	0.0	0.0	0.0	0.0	0.0	0.0	0.0	0.0	0.8084606345475911	0.9750881316098707	0.9750881316098707	0.8084606345475911	0.0	0.0	0.0	0.0	0.0	0.9792009400705053	0.0	0.0	0.8049353701527615	0.8108108108108107	0.9746180963572267	0.8049353701527615	0.9742655699177438	0.8072855464159812	0.0	0.0	0.0	0.0	0.0	0.0	0.0	0.0	0.0	0.0	0.0	0.0	0.0	0.0	0.0	0.7920094007050529	0.0	0.0	0.0	0.0	0.0	0.0	0.0	0.0	0.0	0.0	0.0	0.0	0.0	0.0	0.0	0.9774383078730905	0.0	0.0	0.0	0.0	0.0	0.0	0.0	0.0	0.0	0.9787309048178613	0.7931844888366628	0.0	0.9774383078730905	0.0	0.0	0.0	0.0	0.0	0.0	0.7931844888366628	0.9777908343125734	0.0	0.0
P02287	0.7884841363102233	1.0	0.7978848413631022	0.9696827262044654	0.7967097532314924	0.8014101057579318	0.7790834312573442	0.0	0.799059929494712	0.7873090481786134	0.0	0.0	0.0	0.0	0.0	0.0	0.0	0.0	0.0	0.0	0.0	0.0	0.0	0.0	0.0	0.0	0.0	0.8025851938895417	0.9710928319623972	0.9719153936545241	0.8037602820211516	0.0	0.0	0.0	0.0	0.0	0.9792009400705053	0.0	0.9687426556991774	0.799059929494712	0.8072855464159812	0.9706227967097533	0.8037602820211516	0.9714453584018802	0.8049353701527615	0.0	0.0	0.0	0.0	0.0	0.0	0.0	0.0	0.0	0.0	0.0	0.0	0.0	0.0	0.0	0.7837837837837838	0.9787309048178613	0.0	0.0	0.9774383078730905	0.0	0.0	0.0	0.9782608695652174	0.0	0.0	0.0	0.0	0.0	0.0	0.0	0.9710928319623972	0.0	0.0	0.0	0.0	0.0	0.0	0.0	0.0	0.0	0.9792009400705053	0.7755581668625147	0.0	0.9710928319623972	0.0	0.0	0.0	0.0	0.0	0.0	0.7743830787309048	0.0	0.0	0.0
P02290	0.6968272620446534	0.7978848413631022	1.0	0.9733254994124559	0.7673325499412456	0.7755581668625147	0.7861339600470035	0.9501762632197415	0.7779083431257344	0.7967097532314924	0.9764982373678026	0.0	0.0	0.0	0.0	0.0	0.9796709753231493	0.0	0.0	0.0	0.0	0.0	0.0	0.0	0.0	0.0	0.0	0.8096357226792009	0.972855464159812	0.972855464159812	0.8084606345475911	0.9792009400705053	0.0	0.0	0.0	0.0	0.9777908343125734	0.0	0.9706227967097533	0.8084606345475911	0.8119858989424207	0.9714453584018802	0.8061104582843713	0.972855464159812	0.8084606345475911	0.0	0.0	0.0	0.0	0.0	0.0	0.0	0.0	0.0	0.0	0.0	0.0	0.0	0.0	0.0	0.7908343125734429	0.0	0.0	0.0	0.0	0.0	0.0	0.0	0.0	0.0	0.0	0.0	0.0	0.0	0.0	0.0	0.9750881316098707	0.0	0.0	0.0	0.0	0.0	0.0	0.0	0.0	0.0	0.0	0.7908343125734429	0.0	0.9750881316098707	0.0	0.0	0.0	0.0	0.0	0.0	0.7908343125734429	0.9787309048178613	0.0	0.0
P04735	0.0	0.9696827262044654	0.9733254994124559	1.0	0.9750881316098707	0.0	0.9706227967097533	0.0	0.0	0.0	0.0	0.0	0.9750881316098707	0.0	0.0	0.0	0.0	0.0	0.0	0.0	0.9792009400705053	0.9792009400705053	0.0	0.0	0.0	0.9787309048178613	0.0	0.9719153936545241	0.7802585193889542	0.7802585193889542	0.9719153936545241	0.0	0.0	0.0	0.0	0.0	0.0	0.0	0.7849588719153937	0.9719153936545241	0.9719153936545241	0.781433607520564	0.9714453584018802	0.7708578143360751	0.9710928319623972	0.0	0.0	0.0	0.9750881316098707	0.0	0.0	0.0	0.0	0.0	0.0	0.0	0.0	0.0	0.0	0.0	0.9701527614571093	0.0	0.0	0.0	0.0	0.0	0.0	0.0	0.0	0.0	0.0	0.0	0.0	0.0	0.0	0.0	0.7508813160987073	0.0	0.0	0.0	0.0	0.0	0.0	0.0	0.0	0.0	0.0	0.9701527614571093	0.0	0.7508813160987073	0.0	0.0	0.0	0.9796709753231493	0.0	0.0	0.9701527614571093	0.0	0.0	0.0
P06145	0.7708578143360751	0.7967097532314924	0.7673325499412456	0.9750881316098707	1.0	0.7779083431257344	0.782608695652174	0.9479435957696827	0.7779083431257344	0.7967097532314924	0.9787309048178613	0.0	0.0	0.0	0.0	0.0	0.0	0.0	0.0	0.0	0.0	0.0	0.0	0.0	0.0	0.0	0.0	0.8072855464159812	0.9737955346650999	0.9737955346650999	0.8119858989424207	0.0	0.0	0.0	0.0	0.0	0.0	0.0	0.0	0.8072855464159812	0.8096357226792009	0.9723854289071681	0.8061104582843713	0.9737955346650999	0.8072855464159812	0.0	0.0	0.0	0.0	0.0	0.0	0.0	0.0	0.0	0.0	0.0	0.0	0.0	0.0	0.0	0.7908343125734429	0.0	0.0	0.0	0.0	0.0	0.0	0.0	0.0	0.0	0.0	0.0	0.0	0.0	0.0	0.0	0.9760282021151586	0.0	0.0	0.0	0.0	0.0	0.0	0.0	0.0	0.0	0.0	0.7873090481786134	0.0	0.9760282021151586	0.0	0.0	0.0	0.0	0.0	0.0	0.7873090481786134	0.0	0.0	0.0
P06146	0.7790834312573442	0.8014101057579318	0.7755581668625147	0.0	0.7779083431257344	1.0	0.7920094007050529	0.9669800235017626	0.7285546415981199	0.8061104582843713	0.9719153936545241	0.0	0.0	0.0	0.9787309048178613	0.0	0.9706227967097533	0.0	0.0	0.0	0.0	0.0	0.0	0.0	0.0	0.0	0.0	0.8108108108108107	0.0	0.9746180963572267	0.8143360752056404	0.0	0.0	0.0	0.0	0.0	0.9792009400705053	0.0	0.9733254994124559	0.8108108108108107	0.8119858989424207	0.9746180963572267	0.8108108108108107	0.9742655699177438	0.8096357226792009	0.0	0.0	0.0	0.0	0.0	0.0	0.0	0.0	0.0	0.0	0.0	0.0	0.0	0.0	0.0	0.7967097532314924	0.0	0.0	0.0	0.0	0.0	0.0	0.0	0.0	0.0	0.0	0.0	0.0	0.0	0.0	0.0	0.9737955346650999	0.0	0.9777908343125734	0.9787309048178613	0.0	0.0	0.0	0.0	0.0	0.0	0.0	0.7873090481786134	0.0	0.9737955346650999	0.0	0.0	0.0	0.0	0.0	0.0	0.7873090481786134	0.0	0.0	0.0
P07794	0.7873090481786134	0.7790834312573442	0.7861339600470035	0.9706227967097533	0.782608695652174	0.7920094007050529	1.0	0.0	0.7955346650998825	0.7837837837837838	0.0	0.0	0.0	0.0	0.0	0.0	0.0	0.0	0.0	0.0	0.0	0.0	0.0	0.0	0.0	0.0	0.0	0.8037602820211516	0.9714453584018802	0.9719153936545241	0.8037602820211516	0.0	0.0	0.0	0.0	0.0	0.0	0.0	0.9692126909518214	0.8014101057579318	0.8025851938895417	0.9706227967097533	0.799059929494712	0.9679200940070505	0.7978848413631022	0.9792009400705053	0.0	0.0	0.0	0.0	0.0	0.0	0.0	0.0	0.0	0.0	0.0	0.0	0.0	0.0	0.7802585193889542	0.0	0.0	0.0	0.0	0.0	0.0	0.0	0.0	0.0	0.0	0.0	0.0	0.0	0.0	0.0	0.9714453584018802	0.0	0.0	0.0	0.0	0.0	0.0	0.0	0.0	0.0	0.9796709753231493	0.7790834312573442	0.0	0.9714453584018802	0.0	0.0	0.0	0.0	0.0	0.0	0.7790834312573442	0.0	0.0	0.0
P13281	0.9384253819036428	0.0	0.9501762632197415	0.0	0.9479435957696827	0.9669800235017626	0.0	1.0	0.9706227967097533	0.0	0.0	0.0	0.0	0.0	0.0	0.0	0.0	0.0	0.0	0.0	0.0	0.0	0.0	0.0	0.0	0.0	0.0	0.0	0.0	0.0	0.0	0.0	0.0	0.0	0.0	0.0	0.0	0.0	0.0	0.0	0.0	0.0	0.0	0.0	0.0	0.0	0.0	0.0	0.0	0.0	0.0	0.0	0.0	0.0	0.0	0.0	0.0	0.0	0.0	0.0	0.0	0.0	0.0	0.0	0.0	0.0	0.0	0.0	0.0	0.0	0.0	0.0	0.0	0.0	0.0	0.0	0.0	0.0	0.0	0.9809635722679201	0.0	0.0	0.0	0.0	0.0	0.0	0.0	0.0	0.0	0.0	0.0	0.0	0.0	0.0	0.0	0.0	0.0	0.9806110458284372	0.0	0.0
P16887	0.7802585193889542	0.799059929494712	0.7779083431257344	0.0	0.7779083431257344	0.7285546415981199	0.7955346650998825	0.9706227967097533	1.0	0.8049353701527615	0.9769682726204465	0.0	0.0	0.0	0.0	0.0	0.9746180963572267	0.0	0.0	0.0	0.0	0.0	0.0	0.0	0.0	0.0	0.0	0.8155111633372503	0.9746180963572267	0.9755581668625147	0.8190364277320799	0.9787309048178613	0.0	0.0	0.0	0.0	0.0	0.0	0.0	0.8131609870740306	0.8166862514688602	0.9742655699177438	0.8155111633372503	0.9737955346650999	0.8143360752056404	0.0	0.0	0.0	0.0	0.0	0.0	0.0	0.0	0.0	0.0	0.0	0.0	0.0	0.0	0.0	0.7931844888366628	0.0	0.0	0.0	0.0	0.0	0.9777908343125734	0.0	0.0	0.0	0.0	0.0	0.0	0.0	0.0	0.0	0.9742655699177438	0.0	0.0	0.0	0.0	0.0	0.0	0.0	0.0	0.9782608695652174	0.0	0.7908343125734429	0.0	0.9746180963572267	0.0	0.0	0.0	0.0	0.0	0.0	0.7920094007050529	0.0	0.0	0.0
P16888	0.800235017626322	0.7873090481786134	0.7967097532314924	0.0	0.7967097532314924	0.8061104582843713	0.7837837837837838	0.0	0.8049353701527615	1.0	0.0	0.0	0.0	0.0	0.0	0.0	0.0	0.0	0.0	0.0	0.0	0.0	0.0	0.0	0.0	0.0	0.0	0.7967097532314924	0.9719153936545241	0.0	0.799059929494712	0.0	0.0	0.0	0.0	0.0	0.9792009400705053	0.0	0.0	0.7967097532314924	0.800235017626322	0.0	0.7943595769682726	0.0	0.7967097532314924	0.0	0.9792009400705053	0.0	0.0	0.0	0.0	0.0	0.0	0.0	0.0	0.0	0.9787309048178613	0.0	0.0	0.0	0.7779083431257344	0.0	0.0	0.0	0.0	0.0	0.0	0.0	0.9796709753231493	0.0	0.0	0.0	0.0	0.0	0.0	0.0	0.9742655699177438	0.0	0.0	0.0	0.0	0.0	0.0	0.0	0.0	0.9755581668625147	0.9764982373678026	0.7661574618096357	0.0	0.9742655699177438	0.0	0.0	0.0	0.0	0.9755581668625147	0.0	0.7661574618096357	0.0	0.0	0.0
P02257	0.9769682726204465	0.0	0.9764982373678026	0.0	0.9787309048178613	0.9719153936545241	0.0	0.0	0.9769682726204465	0.0	1.0	0.909048178613396	0.9071680376028202	0.9222091656874265	0.927614571092832	0.9222091656874265	0.8589894242068155	0.9764982373678026	0.9249118683901293	0.9750881316098707	0.9696827262044654	0.9701527614571093	0.9737955346650999	0.9792009400705053	0.9515863689776733	0.0	0.0	0.0	0.0	0.0	0.0	0.0	0.0	0.0	0.0	0.0	0.9642773207990599	0.0	0.0	0.0	0.0	0.0	0.0	0.0	0.0	0.9665099882491187	0.9638072855464159	0.9506462984723855	0.95475910693302	0.9552291421856639	0.0	0.0	0.9769682726204465	0.9212690951821386	0.9737955346650999	0.0	0.0	0.0	0.0	0.0	0.0	0.9379553466509988	0.0	0.0	0.9166862514688602	0.9520564042303172	0.9253819036427732	0.9149236192714454	0.9388954171562868	0.9434782608695652	0.0	0.0	0.0	0.0	0.0	0.9525264394829612	0.0	0.9574618096357227	0.9379553466509988	0.936192714453584	0.9403055229142185	0.9398354876615747	0.9525264394829612	0.0	0.9560517038777908	0.0	0.9371327849588719	0.0	0.9755581668625147	0.0	0.9710928319623972	0.9384253819036428	0.0	0.9506462984723855	0.0	0.9569917743830787	0.0	0.0	0.9538190364277321	0.9506462984723855
P06144	0.0	0.0	0.0	0.0	0.0	0.0	0.0	0.0	0.0	0.0	0.909048178613396	1.0	0.8119858989424207	0.8331374853113984	0.9149236192714454	0.873090481786134	0.9058754406580494	0.0	0.8719153936545241	0.0	0.0	0.0	0.9777908343125734	0.0	0.9071680376028202	0.0	0.0	0.9733254994124559	0.0	0.0	0.0	0.0	0.0	0.9769682726204465	0.0	0.0	0.9461809635722679	0.0	0.0	0.972855464159812	0.9746180963572267	0.0	0.9737955346650999	0.0	0.9746180963572267	0.9611045828437133	0.9393654524089307	0.9403055229142185	0.9203290246768507	0.9217391304347826	0.0	0.0	0.0	0.927144535840188	0.9777908343125734	0.9777908343125734	0.9787309048178613	0.0	0.0	0.0	0.0	0.9266745005875441	0.0	0.0	0.9054054054054054	0.9596944770857815	0.873090481786134	0.8754406580493537	0.9293772032902468	0.9298472385428908	0.0	0.0	0.0	0.9737955346650999	0.0	0.9339600470035253	0.0	0.9466509988249119	0.9330199764982374	0.9307873090481786	0.9320799059929494	0.9330199764982374	0.9447708578143361	0.0	0.9438307873090481	0.0	0.9262044653349001	0.0	0.9660399529964747	0.0	0.9652173913043478	0.9289071680376029	0.0	0.9376028202115159	0.0	0.9347826086956522	0.0	0.0	0.9415981198589894	0.9403055229142185
P07796	0.0	0.0	0.0	0.9750881316098707	0.0	0.0	0.0	0.0	0.0	0.0	0.9071680376028202	0.8119858989424207	1.0	0.8284371327849589	0.9198589894242069	0.8766157461809636	0.899529964747356	0.0	0.8754406580493537	0.9774383078730905	0.9755581668625147	0.9760282021151586	0.0	0.0	0.9176263219741481	0.0	0.0	0.9692126909518214	0.0	0.0	0.9777908343125734	0.0	0.0	0.0	0.0	0.0	0.9438307873090481	0.0	0.9750881316098707	0.9706227967097533	0.9701527614571093	0.9774383078730905	0.9706227967097533	0.0	0.9714453584018802	0.9615746180963572	0.936662749706228	0.9415981198589894	0.9325499412455934	0.9320799059929494	0.0	0.0	0.0	0.9207990599294947	0.9760282021151586	0.0	0.9787309048178613	0.0	0.0	0.0	0.0	0.9244418331374853	0.0	0.0	0.9009400705052879	0.9533490011750881	0.8868390129259694	0.8827262044653349	0.927614571092832	0.927144535840188	0.0	0.0	0.0	0.9750881316098707	0.0	0.9357226792009401	0.9769682726204465	0.9488836662749707	0.9403055229142185	0.9384253819036428	0.9403055229142185	0.9407755581668625	0.9470035252643948	0.0	0.945710928319624	0.0	0.9225616921269095	0.0	0.9706227967097533	0.9769682726204465	0.9719153936545241	0.9303172737955346	0.0	0.9376028202115159	0.0	0.9498237367802586	0.0	0.0	0.9470035252643948	0.9461809635722679
P15869	0.0	0.0	0.0	0.0	0.0	0.0	0.0	0.0	0.0	0.0	0.9222091656874265	0.8331374853113984	0.8284371327849589	1.0	0.9207990599294947	0.8777908343125734	0.9176263219741481	0.0	0.8766157461809636	0.0	0.9774383078730905	0.9774383078730905	0.0	0.0	0.9017626321974148	0.0	0.0	0.9746180963572267	0.0	0.0	0.0	0.0	0.0	0.0	0.0	0.0	0.9425381903642773	0.0	0.0	0.9742655699177438	0.9710928319623972	0.0	0.9750881316098707	0.0	0.9755581668625147	0.9592244418331375	0.9376028202115159	0.9371327849588719	0.9325499412455934	0.9249118683901293	0.0	0.0	0.0	0.928084606345476	0.0	0.0	0.0	0.0	0.0	0.0	0.0	0.9293772032902468	0.0	0.0	0.9225616921269095	0.9584018801410106	0.8850763807285547	0.8936545240893067	0.9334900117508813	0.9352526439482961	0.0	0.0	0.0	0.9755581668625147	0.0	0.9225616921269095	0.0	0.9443008225616921	0.9398354876615747	0.9376028202115159	0.9379553466509988	0.9388954171562868	0.9447708578143361	0.0	0.9425381903642773	0.0	0.9244418331374853	0.0	0.9687426556991774	0.0	0.962867215041128	0.9244418331374853	0.0	0.9285546415981198	0.0	0.9425381903642773	0.0	0.0	0.9443008225616921	0.9420681551116333
P15870	0.0	0.0	0.0	0.0	0.0	0.9787309048178613	0.0	0.0	0.0	0.0	0.927614571092832	0.9149236192714454	0.9198589894242069	0.9207990599294947	1.0	0.9117508813160987	0.9257344300822562	0.0	0.9112808460634547	0.0	0.0	0.0	0.9787309048178613	0.0	0.9515863689776733	0.0	0.0	0.9787309048178613	0.0	0.0	0.9755581668625147	0.0	0.0	0.0	0.0	0.0	0.9298472385428908	0.0	0.0	0.9760282021151586	0.9777908343125734	0.0	0.9787309048178613	0.0	0.9774383078730905	0.9552291421856639	0.9222091656874265	0.9266745005875441	0.9357226792009401	0.9131609870740305	0.0	0.0	0.0	0.9117508813160987	0.0	0.0	0.0	0.0	0.0	0.0	0.0	0.9484136310223267	0.0	0.0	0.9403055229142185	0.9501762632197415	0.9217391304347826	0.9203290246768507	0.9515863689776733	0.9493537015276146	0.0	0.0	0.0	0.9782608695652174	0.0	0.9511163337250294	0.0	0.9525264394829612	0.9520564042303172	0.9493537015276146	0.9511163337250294	0.9498237367802586	0.9569917743830787	0.0	0.9470035252643948	0.0	0.945710928319624	0.0	0.9777908343125734	0.0	0.9755581668625147	0.9501762632197415	0.0	0.9474735605170388	0.0	0.9515863689776733	0.0	0.9782608695652174	0.9506462984723855	0.9552291421856639
P19375	0.0	0.0	0.0	0.0	0.0	0.0	0.0	0.0	0.0	0.0	0.9222091656874265	0.873090481786134	0.8766157461809636	0.8777908343125734	0.9117508813160987	1.0	0.9193889541715629	0.0	0.7767332549941246	0.0	0.0	0.0	0.0	0.0	0.9230317273795534	0.0	0.0	0.9792009400705053	0.0	0.0	0.0	0.0	0.9782608695652174	0.0	0.0	0.0	0.9470035252643948	0.0	0.9782608695652174	0.0	0.9782608695652174	0.0	0.9774383078730905	0.9782608695652174	0.9787309048178613	0.9579318448883666	0.9398354876615747	0.9339600470035253	0.9325499412455934	0.9158636897767333	0.0	0.0	0.0	0.9339600470035253	0.0	0.0	0.0	0.0	0.0	0.0	0.0	0.9388954171562868	0.0	0.0	0.9063454759106933	0.9560517038777908	0.8890716803760282	0.8887191539365452	0.9407755581668625	0.9425381903642773	0.0	0.0	0.0	0.0	0.0	0.9376028202115159	0.0	0.9493537015276146	0.9316098707403055	0.9303172737955346	0.9316098707403055	0.9285546415981198	0.945710928319624	0.0	0.9484136310223267	0.0	0.9303172737955346	0.0	0.9750881316098707	0.0	0.9679200940070505	0.9339600470035253	0.0	0.9425381903642773	0.0	0.9420681551116333	0.0	0.0	0.9484136310223267	0.9479435957696827
Q99284	0.0	0.0	0.9796709753231493	0.0	0.0	0.9706227967097533	0.0	0.0	0.9746180963572267	0.0	0.8589894242068155	0.9058754406580494	0.899529964747356	0.9176263219741481	0.9257344300822562	0.9193889541715629	1.0	0.9764982373678026	0.9217391304347826	0.0	0.0	0.0	0.0	0.9774383078730905	0.9461809635722679	0.0	0.0	0.0	0.0	0.0	0.0	0.0	0.0	0.0	0.0	0.0	0.9506462984723855	0.0	0.0	0.0	0.0	0.0	0.0	0.0	0.0	0.9606345475910694	0.963337250293772	0.954289071680376	0.9529964747356052	0.9461809635722679	0.0	0.0	0.0	0.9285546415981198	0.0	0.0	0.0	0.0	0.0	0.0	0.9806110458284372	0.9339600470035253	0.0	0.0	0.9198589894242069	0.9479435957696827	0.9235017626321974	0.9244418331374853	0.9352526439482961	0.9330199764982374	0.0	0.0	0.0	0.0	0.0	0.9556991774383079	0.0	0.9638072855464159	0.9574618096357227	0.9574618096357227	0.9569917743830787	0.9538190364277321	0.9601645123384254	0.0	0.962867215041128	0.0	0.9552291421856639	0.0	0.9733254994124559	0.0	0.972855464159812	0.9556991774383079	0.0	0.9533490011750881	0.0	0.954289071680376	0.0	0.0	0.9620446533490011	0.962867215041128
A0A2G8JXS7	0.0	0.0	0.0	0.0	0.0	0.0	0.0	0.0	0.0	0.0	0.9764982373678026	0.0	0.0	0.0	0.0	0.0	0.9764982373678026	1.0	0.0	0.7203290246768508	0.7708578143360751	0.7426556991774382	0.573443008225617	0.0	0.0	0.0	0.0	0.0	0.0	0.0	0.0	0.0	0.0	0.9755581668625147	0.0	0.0	0.0	0.9755581668625147	0.0	0.0	0.0	0.0	0.0	0.0	0.0	0.0	0.0	0.0	0.0	0.0	0.0	0.0	0.0	0.0	0.0	0.0	0.0	0.0	0.0	0.0	0.0	0.0	0.0	0.0	0.0	0.0	0.9774383078730905	0.0	0.0	0.0	0.9801410105757932	0.0	0.0	0.0	0.0	0.0	0.0	0.0	0.0	0.0	0.0	0.0	0.0	0.0	0.0	0.0	0.0	0.0	0.0	0.0	0.0	0.0	0.0	0.0	0.0	0.0	0.0	0.0	0.0	0.0
A0A2Z5U3Q6	0.0	0.0	0.0	0.0	0.0	0.0	0.0	0.0	0.0	0.0	0.9249118683901293	0.8719153936545241	0.8754406580493537	0.8766157461809636	0.9112808460634547	0.7767332549941246	0.9217391304347826	0.0	1.0	0.0	0.0	0.0	0.0	0.0	0.9207990599294947	0.0	0.9750881316098707	0.9774383078730905	0.0	0.0	0.0	0.0	0.0	0.0	0.0	0.0	0.9466509988249119	0.0	0.0	0.0	0.9792009400705053	0.0	0.0	0.0	0.9769682726204465	0.9569917743830787	0.9393654524089307	0.9330199764982374	0.9303172737955346	0.9131609870740305	0.0	0.0	0.0	0.9330199764982374	0.0	0.0	0.0	0.0	0.0	0.0	0.0	0.9407755581668625	0.0	0.0	0.9071680376028202	0.9569917743830787	0.8890716803760282	0.8858989424206816	0.9430082256169212	0.94524089306698	0.0	0.0	0.0	0.0	0.0	0.9347826086956522	0.0	0.9474735605170388	0.927614571092832	0.9266745005875441	0.927614571092832	0.9244418331374853	0.9434782608695652	0.0	0.9461809635722679	0.0	0.9307873090481786	0.0	0.9782608695652174	0.0	0.9692126909518214	0.9334900117508813	0.0	0.9415981198589894	0.0	0.9403055229142185	0.0	0.0	0.9461809635722679	0.94524089306698
A0A7M7NK35	0.0	0.0	0.0	0.0	0.0	0.0	0.0	0.0	0.0	0.0	0.9750881316098707	0.0	0.9774383078730905	0.0	0.0	0.0	0.0	0.7203290246768508	0.0	1.0	0.736780258519389	0.7015276145710928	0.7015276145710928	0.0	0.0	0.0	0.0	0.0	0.0	0.0	0.0	0.0	0.0	0.0	0.9769682726204465	0.0	0.0	0.0	0.0	0.0	0.0	0.0	0.0	0.0	0.0	0.9764982373678026	0.0	0.0	0.0	0.0	0.0	0.0	0.0	0.9696827262044654	0.0	0.0	0.0	0.0	0.0	0.0	0.0	0.0	0.9796709753231493	0.0	0.0	0.0	0.0	0.0	0.0	0.0	0.9782608695652174	0.0	0.0	0.0	0.0	0.0	0.0	0.0	0.0	0.0	0.0	0.0	0.0	0.0	0.0	0.0	0.0	0.0	0.0	0.0	0.0	0.0	0.9760282021151586	0.0	0.0	0.0	0.0	0.0	0.0	0.0
A0A8B7Y813	0.0	0.0	0.0	0.9792009400705053	0.0	0.0	0.0	0.0	0.0	0.0	0.9696827262044654	0.0	0.9755581668625147	0.9774383078730905	0.0	0.0	0.0	0.7708578143360751	0.0	0.736780258519389	1.0	0.263219741480611	0.7579318448883666	0.0	0.0	0.0	0.0	0.0	0.0	0.0	0.0	0.0	0.0	0.0	0.0	0.0	0.0	0.0	0.0	0.0	0.0	0.0	0.0	0.0	0.0	0.9769682726204465	0.0	0.0	0.0	0.0	0.0	0.0	0.0	0.0	0.0	0.0	0.0	0.0	0.0	0.0	0.0	0.0	0.0	0.9792009400705053	0.0	0.9777908343125734	0.0	0.0	0.0	0.0	0.9777908343125734	0.0	0.9787309048178613	0.0	0.0	0.0	0.0	0.0	0.0	0.0	0.0	0.0	0.0	0.0	0.0	0.0	0.0	0.9792009400705053	0.0	0.0	0.0	0.0	0.9742655699177438	0.0	0.0	0.0	0.9792009400705053	0.0	0.0	0.0
A0A8B7Y9T9	0.0	0.0	0.0	0.9792009400705053	0.0	0.0	0.0	0.0	0.0	0.0	0.9701527614571093	0.0	0.9760282021151586	0.9774383078730905	0.0	0.0	0.0	0.7426556991774382	0.0	0.7015276145710928	0.263219741480611	1.0	0.7250293772032903	0.0	0.0	0.0	0.0	0.0	0.0	0.0	0.0	0.0	0.0	0.0	0.0	0.0	0.0	0.0	0.0	0.0	0.0	0.0	0.0	0.0	0.0	0.9769682726204465	0.0	0.9782608695652174	0.0	0.0	0.0	0.0	0.0	0.0	0.0	0.0	0.0	0.0	0.0	0.0	0.0	0.0	0.0	0.9755581668625147	0.0	0.9777908343125734	0.0	0.0	0.0	0.0	0.9777908343125734	0.0	0.9764982373678026	0.0	0.0	0.0	0.0	0.0	0.0	0.0	0.0	0.0	0.0	0.0	0.0	0.0	0.0	0.9792009400705053	0.0	0.0	0.0	0.0	0.9742655699177438	0.0	0.0	0.0	0.9792009400705053	0.0	0.0	0.0
A0A9Q1BUN4	0.0	0.0	0.0	0.0	0.0	0.0	0.0	0.0	0.0	0.0	0.9737955346650999	0.9777908343125734	0.0	0.0	0.9787309048178613	0.0	0.0	0.573443008225617	0.0	0.7015276145710928	0.7579318448883666	0.7250293772032903	1.0	0.0	0.0	0.0	0.0	0.0	0.0	0.0	0.0	0.0	0.0	0.0	0.0	0.0	0.0	0.0	0.0	0.0	0.0	0.0	0.0	0.0	0.0	0.0	0.0	0.0	0.0	0.0	0.0	0.9760282021151586	0.0	0.0	0.0	0.0	0.9777908343125734	0.0	0.0	0.0	0.0	0.0	0.0	0.0	0.0	0.0	0.0	0.0	0.0	0.0	0.9801410105757932	0.0	0.0	0.0	0.9787309048178613	0.0	0.0	0.0	0.0	0.0	0.9782608695652174	0.0	0.0	0.9806110458284372	0.0	0.0	0.0	0.0	0.9764982373678026	0.0	0.0	0.0	0.0	0.0	0.0	0.9760282021151586	0.0	0.0	0.0	0.0
P19376	0.0	0.0	0.0	0.0	0.0	0.0	0.0	0.0	0.0	0.0	0.9792009400705053	0.0	0.0	0.0	0.0	0.0	0.9774383078730905	0.0	0.0	0.0	0.0	0.0	0.0	1.0	0.0	0.0	0.0	0.0	0.0	0.0	0.0	0.0	0.0	0.0	0.0	0.0	0.0	0.0	0.0	0.0	0.0	0.0	0.0	0.0	0.0	0.0	0.0	0.0	0.0	0.0	0.0	0.0	0.0	0.0	0.0	0.0	0.0	0.0	0.0	0.0	0.0	0.0	0.0	0.0	0.0	0.0	0.0	0.0	0.0	0.0	0.0	0.0	0.0	0.0	0.0	0.0	0.0	0.0	0.0	0.0	0.0	0.0	0.0	0.0	0.0	0.0	0.0	0.9787309048178613	0.0	0.0	0.0	0.0	0.0	0.0	0.0	0.0	0.9782608695652174	0.0	0.0	0.0
Q99282	0.0	0.0	0.0	0.0	0.0	0.0	0.0	0.0	0.0	0.0	0.9515863689776733	0.9071680376028202	0.9176263219741481	0.9017626321974148	0.9515863689776733	0.9230317273795534	0.9461809635722679	0.0	0.9207990599294947	0.0	0.0	0.0	0.0	0.0	1.0	0.0	0.0	0.0	0.0	0.0	0.0	0.0	0.0	0.0	0.0	0.0	0.9620446533490011	0.0	0.0	0.0	0.0	0.0	0.0	0.0	0.0	0.9742655699177438	0.9606345475910694	0.9638072855464159	0.9601645123384254	0.9565217391304348	0.0	0.0	0.0	0.9574618096357227	0.0	0.0	0.0	0.0	0.0	0.0	0.0	0.9623971797884842	0.0	0.0	0.9588719153936546	0.9774383078730905	0.936192714453584	0.9357226792009401	0.9615746180963572	0.9611045828437133	0.0	0.0	0.0	0.9782608695652174	0.0	0.9461809635722679	0.0	0.9466509988249119	0.9425381903642773	0.9434782608695652	0.9430082256169212	0.9438307873090481	0.9484136310223267	0.0	0.9470035252643948	0.0	0.9647473560517039	0.9774383078730905	0.0	0.0	0.9683901292596945	0.9665099882491187	0.0	0.9601645123384254	0.0	0.9498237367802586	0.9774383078730905	0.0	0.9525264394829612	0.9498237367802586
O13777	0.0	0.0	0.0	0.9787309048178613	0.0	0.0	0.0	0.0	0.0	0.0	0.0	0.0	0.0	0.0	0.0	0.0	0.0	0.0	0.0	0.0	0.0	0.0	0.0	0.0	0.0	1.0	0.9746180963572267	0.0	0.0	0.9782608695652174	0.0	0.0	0.0	0.0	0.0	0.0	0.0	0.0	0.0	0.0	0.0	0.9777908343125734	0.0	0.0	0.0	0.0	0.0	0.9764982373678026	0.0	0.0	0.0	0.0	0.0	0.9777908343125734	0.0	0.0	0.0	0.0	0.0	0.0	0.0	0.0	0.0	0.0	0.0	0.0	0.0	0.0	0.0	0.0	0.0	0.0	0.0	0.0	0.0	0.0	0.9774383078730905	0.0	0.0	0.0	0.0	0.0	0.0	0.0	0.0	0.0	0.0	0.0	0.0	0.9774383078730905	0.0	0.0	0.9764982373678026	0.0	0.0	0.0	0.0	0.0	0.0	0.0
O13881	0.0	0.0	0.0	0.0	0.0	0.0	0.0	0.0	0.0	0.0	0.0	0.0	0.0	0.0	0.0	0.0	0.0	0.0	0.9750881316098707	0.0	0.0	0.0	0.0	0.0	0.0	0.9746180963572267	1.0	0.0	0.0	0.0	0.0	0.0	0.0	0.0	0.0	0.0	0.0	0.0	0.0	0.0	0.0	0.0	0.0	0.0	0.0	0.0	0.0	0.0	0.0	0.0	0.0	0.0	0.0	0.0	0.0	0.0	0.0	0.0	0.0	0.0	0.0	0.0	0.0	0.0	0.0	0.0	0.0	0.0	0.0	0.0	0.0	0.0	0.0	0.0	0.0	0.0	0.0	0.9733254994124559	0.0	0.0	0.0	0.0	0.0	0.0	0.9750881316098707	0.0	0.0	0.0	0.0	0.0	0.0	0.0	0.9737955346650999	0.0	0.0	0.0	0.0	0.0	0.0	0.0
P02293	0.8084606345475911	0.8025851938895417	0.8096357226792009	0.9719153936545241	0.8072855464159812	0.8108108108108107	0.8037602820211516	0.0	0.8155111633372503	0.7967097532314924	0.0	0.9733254994124559	0.9692126909518214	0.9746180963572267	0.9787309048178613	0.9792009400705053	0.0	0.0	0.9774383078730905	0.0	0.0	0.0	0.0	0.0	0.0	0.0	0.0	1.0	0.9710928319623972	0.9710928319623972	0.7626321974148061	0.0	0.9746180963572267	0.0	0.0	0.0	0.9764982373678026	0.0	0.9687426556991774	0.7250293772032903	0.7144535840188014	0.9696827262044654	0.7144535840188014	0.9710928319623972	0.7191539365452408	0.9787309048178613	0.0	0.0	0.0	0.0	0.0	0.0	0.0	0.0	0.0	0.0	0.0	0.0	0.0	0.0	0.8014101057579318	0.0	0.0	0.0	0.0	0.0	0.9792009400705053	0.9769682726204465	0.0	0.0	0.0	0.0	0.0	0.0	0.0	0.0	0.9737955346650999	0.0	0.972855464159812	0.9792009400705053	0.9769682726204465	0.9742655699177438	0.0	0.0	0.0	0.0	0.0	0.7884841363102233	0.0	0.9737955346650999	0.0	0.0	0.0	0.9774383078730905	0.0	0.0	0.7873090481786134	0.0	0.0	0.0
P04909	0.9750881316098707	0.9710928319623972	0.972855464159812	0.7802585193889542	0.9737955346650999	0.0	0.9714453584018802	0.0	0.9746180963572267	0.9719153936545241	0.0	0.0	0.0	0.0	0.0	0.0	0.0	0.0	0.0	0.0	0.0	0.0	0.0	0.0	0.0	0.0	0.0	0.9710928319623972	1.0	0.7626321974148061	0.9710928319623972	0.0	0.0	0.0	0.0	0.0	0.0	0.0	0.782608695652174	0.9714453584018802	0.9714453584018802	0.773207990599295	0.9710928319623972	0.7497062279670975	0.9706227967097533	0.0	0.0	0.0	0.9777908343125734	0.0	0.0	0.0	0.0	0.0	0.0	0.0	0.0	0.0	0.0	0.0	0.9723854289071681	0.0	0.0	0.0	0.0	0.0	0.0	0.0	0.0	0.0	0.0	0.0	0.0	0.0	0.0	0.0	0.7696827262044653	0.0	0.0	0.0	0.0	0.0	0.0	0.0	0.0	0.0	0.0	0.9714453584018802	0.0	0.7696827262044653	0.0	0.0	0.0	0.9792009400705053	0.0	0.0	0.9714453584018802	0.0	0.0	0.0
P04911	0.9750881316098707	0.9719153936545241	0.972855464159812	0.7802585193889542	0.9737955346650999	0.9746180963572267	0.9719153936545241	0.0	0.9755581668625147	0.0	0.0	0.0	0.0	0.0	0.0	0.0	0.0	0.0	0.0	0.0	0.0	0.0	0.0	0.0	0.0	0.9782608695652174	0.0	0.9710928319623972	0.7626321974148061	1.0	0.9706227967097533	0.0	0.0	0.0	0.0	0.0	0.0	0.0	0.781433607520564	0.9710928319623972	0.9710928319623972	0.7074030552291422	0.9706227967097533	0.7038777908343126	0.9692126909518214	0.0	0.0	0.0	0.9777908343125734	0.0	0.0	0.0	0.0	0.0	0.0	0.0	0.0	0.0	0.0	0.0	0.9723854289071681	0.0	0.0	0.0	0.0	0.0	0.0	0.0	0.0	0.0	0.0	0.0	0.0	0.0	0.0	0.0	0.7743830787309048	0.0	0.0	0.0	0.0	0.0	0.0	0.0	0.0	0.9760282021151586	0.0	0.9719153936545241	0.0	0.7743830787309048	0.0	0.0	0.0	0.0	0.9782608695652174	0.0	0.9719153936545241	0.9792009400705053	0.0	0.0
P04913	0.8084606345475911	0.8037602820211516	0.8084606345475911	0.9719153936545241	0.8119858989424207	0.8143360752056404	0.8037602820211516	0.0	0.8190364277320799	0.799059929494712	0.0	0.0	0.9777908343125734	0.0	0.9755581668625147	0.0	0.0	0.0	0.0	0.0	0.0	0.0	0.0	0.0	0.0	0.0	0.0	0.7626321974148061	0.9710928319623972	0.9706227967097533	1.0	0.0	0.0	0.0	0.0	0.0	0.9764982373678026	0.0	0.9679200940070505	0.7720329024676851	0.7696827262044653	0.9696827262044654	0.7649823736780259	0.9710928319623972	0.7696827262044653	0.9787309048178613	0.0	0.0	0.0	0.9764982373678026	0.0	0.0	0.0	0.0	0.0	0.0	0.9787309048178613	0.0	0.0	0.0	0.800235017626322	0.0	0.0	0.0	0.0	0.0	0.0	0.0	0.0	0.0	0.0	0.0	0.0	0.9792009400705053	0.0	0.0	0.9737955346650999	0.0	0.0	0.0	0.0	0.0	0.0	0.0	0.0	0.0	0.0	0.7978848413631022	0.0	0.9737955346650999	0.0	0.0	0.0	0.0	0.0	0.0	0.7978848413631022	0.0	0.9777908343125734	0.0
P34225	0.0	0.0	0.9792009400705053	0.0	0.0	0.0	0.0	0.0	0.9787309048178613	0.0	0.0	0.0	0.0	0.0	0.0	0.0	0.0	0.0	0.0	0.0	0.0	0.0	0.0	0.0	0.0	0.0	0.0	0.0	0.0	0.0	0.0	1.0	0.0	0.0	0.9764982373678026	0.0	0.0	0.0	0.0	0.0	0.0	0.0	0.0	0.0	0.0	0.0	0.0	0.0	0.9782608695652174	0.0	0.0	0.0	0.0	0.0	0.0	0.0	0.9787309048178613	0.0	0.0	0.0	0.0	0.0	0.0	0.0	0.0	0.0	0.0	0.0	0.0	0.0	0.9787309048178613	0.0	0.9792009400705053	0.0	0.0	0.0	0.0	0.0	0.0	0.0	0.0	0.0	0.9769682726204465	0.0	0.0	0.0	0.0	0.0	0.0	0.0	0.0	0.0	0.0	0.0	0.0	0.9782608695652174	0.0	0.0	0.0	0.0
P36008	0.0	0.0	0.0	0.0	0.0	0.0	0.0	0.0	0.0	0.0	0.0	0.0	0.0	0.0	0.0	0.9782608695652174	0.0	0.0	0.0	0.0	0.0	0.0	0.0	0.0	0.0	0.0	0.0	0.9746180963572267	0.0	0.0	0.0	0.0	1.0	0.0	0.0	0.9750881316098707	0.0	0.0	0.0	0.9769682726204465	0.9774383078730905	0.0	0.0	0.0	0.0	0.0	0.0	0.0	0.9737955346650999	0.0	0.0	0.0	0.0	0.0	0.0	0.0	0.0	0.0	0.0	0.9746180963572267	0.0	0.9760282021151586	0.0	0.9796709753231493	0.9787309048178613	0.0	0.9769682726204465	0.0	0.0	0.0	0.0	0.0	0.0	0.0	0.0	0.9760282021151586	0.0	0.0	0.0	0.0	0.0	0.9769682726204465	0.0	0.0	0.0	0.0	0.0	0.0	0.0	0.0	0.0	0.0	0.0	0.9769682726204465	0.0	0.9777908343125734	0.0	0.0	0.0	0.0
P38340	0.0	0.0	0.0	0.0	0.0	0.0	0.0	0.0	0.0	0.0	0.0	0.9769682726204465	0.0	0.0	0.0	0.0	0.0	0.9755581668625147	0.0	0.0	0.0	0.0	0.0	0.0	0.0	0.0	0.0	0.0	0.0	0.0	0.0	0.0	0.0	1.0	0.0	0.0	0.0	0.0	0.0	0.0	0.0	0.0	0.0	0.0	0.0	0.0	0.0	0.0	0.0	0.0	0.0	0.0	0.0	0.0	0.0	0.0	0.0	0.0	0.9769682726204465	0.0	0.0	0.0	0.0	0.0	0.0	0.0	0.0	0.0	0.0	0.0	0.0	0.0	0.0	0.9782608695652174	0.0	0.0	0.0	0.0	0.0	0.0	0.0	0.0	0.0	0.0	0.0	0.0	0.0	0.0	0.0	0.0	0.0	0.0	0.9769682726204465	0.0	0.0	0.0	0.0	0.0	0.0	0.0
P53250	0.0	0.0	0.0	0.0	0.0	0.0	0.0	0.0	0.0	0.0	0.0	0.0	0.0	0.0	0.0	0.0	0.0	0.0	0.0	0.9769682726204465	0.0	0.0	0.0	0.0	0.0	0.0	0.0	0.0	0.0	0.0	0.0	0.9764982373678026	0.0	0.0	1.0	0.0	0.9755581668625147	0.9746180963572267	0.0	0.0	0.0	0.0	0.0	0.0	0.0	0.0	0.0	0.0	0.0	0.0	0.0	0.0	0.0	0.0	0.9769682726204465	0.0	0.9760282021151586	0.0	0.0	0.0	0.0	0.9746180963572267	0.9796709753231493	0.0	0.0	0.0	0.0	0.0	0.9755581668625147	0.9723854289071681	0.0	0.0	0.0	0.9796709753231493	0.0	0.0	0.0	0.0	0.0	0.0	0.0	0.0	0.0	0.0	0.0	0.0	0.0	0.0	0.0	0.0	0.0	0.0	0.9764982373678026	0.0	0.0	0.0	0.0	0.0	0.0	0.0
P53322	0.0	0.0	0.0	0.0	0.0	0.0	0.0	0.0	0.0	0.0	0.0	0.0	0.0	0.0	0.0	0.0	0.0	0.0	0.0	0.0	0.0	0.0	0.0	0.0	0.0	0.0	0.0	0.0	0.0	0.0	0.0	0.0	0.9750881316098707	0.0	0.0	1.0	0.0	0.9760282021151586	0.0	0.0	0.0	0.0	0.0	0.0	0.0	0.0	0.0	0.0	0.0	0.0	0.0	0.9769682726204465	0.9769682726204465	0.0	0.9764982373678026	0.0	0.9769682726204465	0.0	0.0	0.9764982373678026	0.0	0.0	0.9796709753231493	0.0	0.0	0.0	0.0	0.0	0.0	0.0	0.0	0.0	0.0	0.0	0.0	0.0	0.0	0.0	0.0	0.0	0.0	0.0	0.0	0.0	0.0	0.0	0.0	0.0	0.0	0.0	0.0	0.0	0.0	0.0	0.0	0.0	0.0	0.9764982373678026	0.0	0.0
P53551	0.9792009400705053	0.9792009400705053	0.9777908343125734	0.0	0.0	0.9792009400705053	0.0	0.0	0.0	0.9792009400705053	0.9642773207990599	0.9461809635722679	0.9438307873090481	0.9425381903642773	0.9298472385428908	0.9470035252643948	0.9506462984723855	0.0	0.9466509988249119	0.0	0.0	0.0	0.0	0.0	0.9620446533490011	0.0	0.0	0.9764982373678026	0.0	0.0	0.9764982373678026	0.0	0.0	0.0	0.9755581668625147	0.0	1.0	0.0	0.0	0.9755581668625147	0.9755581668625147	0.0	0.9723854289071681	0.0	0.9746180963572267	0.8143360752056404	0.8985898942420681	0.909048178613396	0.9095182138660399	0.8972972972972972	0.0	0.0	0.0	0.94524089306698	0.0	0.0	0.9777908343125734	0.0	0.0	0.0	0.0	0.9529964747356052	0.0	0.0	0.9588719153936546	0.9538190364277321	0.9529964747356052	0.9592244418331375	0.9569917743830787	0.9588719153936546	0.0	0.0	0.0	0.9755581668625147	0.9796709753231493	0.9723854289071681	0.0	0.9710928319623972	0.9706227967097533	0.9710928319623972	0.9719153936545241	0.9714453584018802	0.9723854289071681	0.0	0.9714453584018802	0.0	0.9588719153936546	0.9774383078730905	0.0	0.0	0.0	0.9579318448883666	0.0	0.9461809635722679	0.0	0.9655699177438308	0.9764982373678026	0.0	0.9683901292596945	0.9733254994124559
P53729	0.0	0.0	0.0	0.0	0.0	0.0	0.0	0.0	0.0	0.0	0.0	0.0	0.0	0.0	0.0	0.0	0.0	0.9755581668625147	0.0	0.0	0.0	0.0	0.0	0.0	0.0	0.0	0.0	0.0	0.0	0.0	0.0	0.0	0.0	0.0	0.9746180963572267	0.9760282021151586	0.0	1.0	0.0	0.0	0.0	0.0	0.0	0.0	0.0	0.0	0.0	0.0	0.0	0.0	0.0	0.0	0.0	0.0	0.0	0.0	0.0	0.0	0.0	0.0	0.0	0.0	0.0	0.0	0.0	0.0	0.0	0.0	0.0	0.0	0.9774383078730905	0.0	0.0	0.0	0.0	0.0	0.0	0.0	0.0	0.0	0.0	0.0	0.0	0.0	0.0	0.0	0.0	0.0	0.0	0.0	0.0	0.0	0.9760282021151586	0.0	0.0	0.0	0.0	0.0	0.0	0.0
P0CN98	0.0	0.9687426556991774	0.9706227967097533	0.7849588719153937	0.0	0.9733254994124559	0.9692126909518214	0.0	0.0	0.0	0.0	0.0	0.9750881316098707	0.0	0.0	0.9782608695652174	0.0	0.0	0.0	0.0	0.0	0.0	0.0	0.0	0.0	0.0	0.0	0.9687426556991774	0.782608695652174	0.781433607520564	0.9679200940070505	0.0	0.0	0.0	0.0	0.0	0.0	0.0	1.0	0.9679200940070505	0.9642773207990599	0.7802585193889542	0.9687426556991774	0.763807285546416	0.9669800235017626	0.0	0.0	0.0	0.9774383078730905	0.0	0.0	0.0	0.0	0.9774383078730905	0.9769682726204465	0.0	0.0	0.0	0.0	0.0	0.9692126909518214	0.0	0.0	0.0	0.0	0.0	0.0	0.0	0.0	0.0	0.0	0.0	0.0	0.0	0.0	0.9792009400705053	0.773207990599295	0.9792009400705053	0.0	0.0	0.0	0.0	0.0	0.0	0.9787309048178613	0.0	0.0	0.9696827262044654	0.0	0.773207990599295	0.0	0.0	0.0	0.0	0.0	0.0	0.9692126909518214	0.0	0.0	0.0
P48989	0.8049353701527615	0.799059929494712	0.8084606345475911	0.9719153936545241	0.8072855464159812	0.8108108108108107	0.8014101057579318	0.0	0.8131609870740306	0.7967097532314924	0.0	0.972855464159812	0.9706227967097533	0.9742655699177438	0.9760282021151586	0.0	0.0	0.0	0.0	0.0	0.0	0.0	0.0	0.0	0.0	0.0	0.0	0.7250293772032903	0.9714453584018802	0.9710928319623972	0.7720329024676851	0.0	0.9769682726204465	0.0	0.0	0.0	0.9755581668625147	0.0	0.9679200940070505	1.0	0.7285546415981199	0.9696827262044654	0.7309048178613395	0.9710928319623972	0.7309048178613395	0.9769682726204465	0.0	0.0	0.0	0.0	0.0	0.0	0.0	0.0	0.0	0.0	0.0	0.0	0.0	0.0	0.7955346650998825	0.0	0.0	0.0	0.0	0.0	0.0	0.9764982373678026	0.0	0.0	0.0	0.0	0.0	0.0	0.0	0.0	0.9737955346650999	0.9787309048178613	0.9777908343125734	0.9714453584018802	0.9792009400705053	0.9733254994124559	0.0	0.0	0.0	0.0	0.0	0.7920094007050529	0.0	0.9737955346650999	0.9764982373678026	0.9777908343125734	0.0	0.0	0.0	0.0	0.7920094007050529	0.0	0.0	0.0
Q6CK60	0.8108108108108107	0.8072855464159812	0.8119858989424207	0.9719153936545241	0.8096357226792009	0.8119858989424207	0.8025851938895417	0.0	0.8166862514688602	0.800235017626322	0.0	0.9746180963572267	0.9701527614571093	0.9710928319623972	0.9777908343125734	0.9782608695652174	0.0	0.0	0.9792009400705053	0.0	0.0	0.0	0.0	0.0	0.0	0.0	0.0	0.7144535840188014	0.9714453584018802	0.9710928319623972	0.7696827262044653	0.0	0.9774383078730905	0.0	0.0	0.0	0.9755581668625147	0.0	0.9642773207990599	0.7285546415981199	1.0	0.9701527614571093	0.7285546415981199	0.9710928319623972	0.7074030552291422	0.9787309048178613	0.0	0.0	0.0	0.0	0.0	0.0	0.0	0.0	0.0	0.0	0.0	0.0	0.0	0.0	0.8025851938895417	0.0	0.0	0.0	0.9796709753231493	0.0	0.9769682726204465	0.9777908343125734	0.0	0.0	0.0	0.0	0.0	0.0	0.0	0.0	0.9737955346650999	0.0	0.9733254994124559	0.9750881316098707	0.9764982373678026	0.9774383078730905	0.0	0.0	0.0	0.9764982373678026	0.0	0.7955346650998825	0.0	0.9742655699177438	0.0	0.0	0.0	0.0	0.0	0.0	0.7955346650998825	0.0	0.0	0.0
Q6FWM7	0.9746180963572267	0.9706227967097533	0.9714453584018802	0.781433607520564	0.9723854289071681	0.9746180963572267	0.9706227967097533	0.0	0.9742655699177438	0.0	0.0	0.0	0.9774383078730905	0.0	0.0	0.0	0.0	0.0	0.0	0.0	0.0	0.0	0.0	0.0	0.0	0.9777908343125734	0.0	0.9696827262044654	0.773207990599295	0.7074030552291422	0.9696827262044654	0.0	0.0	0.0	0.0	0.0	0.0	0.0	0.7802585193889542	0.9696827262044654	0.9701527614571093	1.0	0.9692126909518214	0.7191539365452408	0.9679200940070505	0.0	0.0	0.0	0.9777908343125734	0.0	0.0	0.0	0.0	0.0	0.0	0.0	0.0	0.0	0.0	0.0	0.9706227967097533	0.0	0.0	0.0	0.0	0.0	0.9792009400705053	0.0	0.0	0.0	0.0	0.0	0.0	0.0	0.0	0.0	0.7755581668625147	0.0	0.9769682726204465	0.9774383078730905	0.0	0.9737955346650999	0.0	0.0	0.0	0.9777908343125734	0.0	0.9706227967097533	0.0	0.7755581668625147	0.0	0.0	0.0	0.0	0.9782608695652174	0.0	0.9706227967097533	0.0	0.0	0.0
Q6FWM8	0.8049353701527615	0.8037602820211516	0.8061104582843713	0.9714453584018802	0.8061104582843713	0.8108108108108107	0.799059929494712	0.0	0.8155111633372503	0.7943595769682726	0.0	0.9737955346650999	0.9706227967097533	0.9750881316098707	0.9787309048178613	0.9774383078730905	0.0	0.0	0.0	0.0	0.0	0.0	0.0	0.0	0.0	0.0	0.0	0.7144535840188014	0.9710928319623972	0.9706227967097533	0.7649823736780259	0.0	0.0	0.0	0.0	0.0	0.9723854289071681	0.0	0.9687426556991774	0.7309048178613395	0.7285546415981199	0.9692126909518214	1.0	0.9706227967097533	0.7262044653349001	0.9782608695652174	0.0	0.0	0.0	0.0	0.0	0.0	0.0	0.0	0.0	0.0	0.0	0.0	0.0	0.0	0.8014101057579318	0.0	0.0	0.0	0.0	0.0	0.0	0.9769682726204465	0.0	0.0	0.9782608695652174	0.0	0.0	0.0	0.0	0.0	0.9733254994124559	0.0	0.9792009400705053	0.9777908343125734	0.0	0.9733254994124559	0.0	0.0	0.0	0.9792009400705053	0.0	0.7884841363102233	0.0	0.9733254994124559	0.0	0.0	0.0	0.0	0.9792009400705053	0.9777908343125734	0.7884841363102233	0.0	0.0	0.0
Q74ZL4	0.9742655699177438	0.9714453584018802	0.972855464159812	0.7708578143360751	0.9737955346650999	0.9742655699177438	0.9679200940070505	0.0	0.9737955346650999	0.0	0.0	0.0	0.0	0.0	0.0	0.9782608695652174	0.0	0.0	0.0	0.0	0.0	0.0	0.0	0.0	0.0	0.0	0.0	0.9710928319623972	0.7497062279670975	0.7038777908343126	0.9710928319623972	0.0	0.0	0.0	0.0	0.0	0.0	0.0	0.763807285546416	0.9710928319623972	0.9710928319623972	0.7191539365452408	0.9706227967097533	1.0	0.9696827262044654	0.0	0.0	0.0	0.9782608695652174	0.0	0.0	0.0	0.0	0.0	0.0	0.0	0.0	0.0	0.0	0.0	0.9714453584018802	0.0	0.0	0.0	0.0	0.0	0.0	0.0	0.0	0.0	0.0	0.0	0.0	0.0	0.0	0.0	0.7661574618096357	0.0	0.0	0.0	0.0	0.9777908343125734	0.0	0.0	0.9796709753231493	0.9787309048178613	0.0	0.9719153936545241	0.0	0.7649823736780259	0.0	0.0	0.0	0.0	0.0	0.0	0.9719153936545241	0.9792009400705053	0.0	0.0
Q74ZL5	0.8072855464159812	0.8049353701527615	0.8084606345475911	0.9710928319623972	0.8072855464159812	0.8096357226792009	0.7978848413631022	0.0	0.8143360752056404	0.7967097532314924	0.0	0.9746180963572267	0.9714453584018802	0.9755581668625147	0.9774383078730905	0.9787309048178613	0.0	0.0	0.9769682726204465	0.0	0.0	0.0	0.0	0.0	0.0	0.0	0.0	0.7191539365452408	0.9706227967097533	0.9692126909518214	0.7696827262044653	0.0	0.0	0.0	0.0	0.0	0.9746180963572267	0.0	0.9669800235017626	0.7309048178613395	0.7074030552291422	0.9679200940070505	0.7262044653349001	0.9696827262044654	1.0	0.9774383078730905	0.0	0.0	0.0	0.0	0.0	0.0	0.0	0.0	0.0	0.0	0.0	0.0	0.0	0.0	0.800235017626322	0.0	0.0	0.0	0.9782608695652174	0.0	0.0	0.9777908343125734	0.0	0.0	0.0	0.0	0.0	0.9796709753231493	0.0	0.9774383078730905	0.972855464159812	0.0	0.9701527614571093	0.9737955346650999	0.9764982373678026	0.9764982373678026	0.0	0.0	0.0	0.9792009400705053	0.0	0.7931844888366628	0.0	0.972855464159812	0.0	0.0	0.0	0.0	0.9792009400705053	0.0	0.7931844888366628	0.0	0.0	0.0
Q6FJX6	0.0	0.0	0.0	0.0	0.0	0.0	0.9792009400705053	0.0	0.0	0.0	0.9665099882491187	0.9611045828437133	0.9615746180963572	0.9592244418331375	0.9552291421856639	0.9579318448883666	0.9606345475910694	0.0	0.9569917743830787	0.9764982373678026	0.9769682726204465	0.9769682726204465	0.0	0.0	0.9742655699177438	0.0	0.0	0.9787309048178613	0.0	0.0	0.9787309048178613	0.0	0.0	0.0	0.0	0.0	0.8143360752056404	0.0	0.0	0.9769682726204465	0.9787309048178613	0.0	0.9782608695652174	0.0	0.9774383078730905	1.0	0.9099882491186839	0.9262044653349001	0.9344300822561692	0.9249118683901293	0.0	0.0	0.0	0.9506462984723855	0.0	0.9764982373678026	0.0	0.0	0.9777908343125734	0.0	0.0	0.9606345475910694	0.0	0.0	0.9606345475910694	0.9592244418331375	0.9623971797884842	0.9592244418331375	0.9652173913043478	0.9665099882491187	0.0	0.0	0.0	0.0	0.0	0.9774383078730905	0.0	0.0	0.0	0.0	0.0	0.0	0.9782608695652174	0.0	0.0	0.0	0.9615746180963572	0.0	0.0	0.0	0.0	0.9520564042303172	0.0	0.9501762632197415	0.0	0.9764982373678026	0.0	0.0	0.9782608695652174	0.9782608695652174
Q75C22	0.0	0.0	0.0	0.0	0.0	0.0	0.0	0.0	0.0	0.9792009400705053	0.9638072855464159	0.9393654524089307	0.936662749706228	0.9376028202115159	0.9222091656874265	0.9398354876615747	0.963337250293772	0.0	0.9393654524089307	0.0	0.0	0.0	0.0	0.0	0.9606345475910694	0.0	0.0	0.0	0.0	0.0	0.0	0.0	0.0	0.0	0.0	0.0	0.8985898942420681	0.0	0.0	0.0	0.0	0.0	0.0	0.0	0.0	0.9099882491186839	1.0	0.9139835487661575	0.9103407755581668	0.890951821386604	0.0	0.0	0.0	0.9498237367802586	0.0	0.0	0.0	0.0	0.0	0.0	0.0	0.9511163337250294	0.0	0.0	0.963337250293772	0.9588719153936546	0.9592244418331375	0.9447708578143361	0.9560517038777908	0.9592244418331375	0.9777908343125734	0.0	0.0	0.9782608695652174	0.9796709753231493	0.962867215041128	0.0	0.9647473560517039	0.9683901292596945	0.9660399529964747	0.9669800235017626	0.9669800235017626	0.9719153936545241	0.0	0.963337250293772	0.9760282021151586	0.9615746180963572	0.0	0.0	0.0	0.0	0.9601645123384254	0.0	0.9579318448883666	0.0	0.9674500587544066	0.0	0.0	0.9642773207990599	0.9701527614571093
